// Generated by Wraith - Game extraction tools
// Please credit DTZxPorter for using it!
MODEL
VERSION 6

NUMBONES 46
BONE 0 -1 "tag_origin"
BONE 1 0 "j_mainroot"
BONE 2 0 "j_pelvis"
BONE 3 2 "j_hip_base_le"
BONE 4 2 "j_hip_base_ri"
BONE 5 1 "j_spine1"
BONE 6 2 "j_tail0"
BONE 7 3 "j_hip_le"
BONE 8 4 "j_hip_ri"
BONE 9 5 "j_spine2"
BONE 10 6 "j_tail1"
BONE 11 9 "j_belly"
BONE 12 7 "j_knee_le"
BONE 13 8 "j_knee_ri"
BONE 14 9 "j_spine3"
BONE 15 10 "j_tail2"
BONE 16 12 "j_ankle_le"
BONE 17 13 "j_ankle_ri"
BONE 18 14 "j_spine4"
BONE 19 15 "j_tail3"
BONE 20 16 "j_ball_le"
BONE 21 17 "j_ball_ri"
BONE 22 18 "j_neck1"
BONE 23 18 "j_shoulder_base_le"
BONE 24 18 "j_shoulder_base_ri"
BONE 25 19 "j_tail_end"
BONE 26 22 "j_neck2"
BONE 27 23 "j_shoulder_le"
BONE 28 24 "j_shoulder_ri"
BONE 29 20 "j_toe_le"
BONE 30 21 "j_toe_ri"
BONE 31 27 "j_elbow_le"
BONE 32 28 "j_elbow_ri"
BONE 33 26 "j_head"
BONE 34 33 "j_ear_le"
BONE 35 33 "j_ear_ri"
BONE 36 33 "j_helmet"
BONE 37 33 "j_jaw"
BONE 38 33 "j_nose"
BONE 39 31 "j_wrist_le"
BONE 40 32 "j_wrist_ri"
BONE 41 33 "tag_eye"
BONE 42 39 "j_palm_le"
BONE 43 40 "j_palm_ri"
BONE 44 42 "j_palm_end_le"
BONE 45 43 "j_palm_end_ri"

BONE 0
OFFSET 0.000000, 0.000000, 0.000000
SCALE 1.000000, 1.000000, 1.000000
X 1.000000, 0.000000, 0.000000
Y 0.000000, 1.000000, 0.000000
Z 0.000000, 0.000000, 1.000000

BONE 1
OFFSET 0.000000, 9.619271, 24.632647
SCALE 1.000000, 1.000000, 1.000000
X 0.000061, -1.000000, 0.000000
Y 0.000000, 0.000000, 1.000000
Z -1.000000, -0.000061, 0.000000

BONE 2
OFFSET 0.000000, 9.619270, 24.632647
SCALE 1.000000, 1.000000, 1.000000
X 0.000061, -1.000000, 0.000000
Y 0.000000, 0.000000, 1.000000
Z -1.000000, -0.000061, 0.000000

BONE 3
OFFSET 4.880993, 12.471215, 28.274410
SCALE 1.000000, 1.000000, 1.000000
X -0.001170, 0.569174, -0.822216
Y -0.000645, 0.822216, 0.569175
Z 0.999999, 0.001196, -0.000595

BONE 4
OFFSET -4.881344, 12.470578, 28.274429
SCALE 1.000000, 1.000000, 1.000000
X 0.000007, -0.569146, 0.822270
Y 0.000050, -0.822298, -0.569146
Z 1.000000, 0.000061, -0.000028

BONE 5
OFFSET 0.000000, 9.619270, 24.632647
SCALE 1.000000, 1.000000, 1.000000
X 0.000061, -1.000000, 0.000000
Y 0.000000, 0.000000, 1.000000
Z -1.000000, -0.000061, 0.000000

BONE 6
OFFSET -0.000587, 19.244444, 28.598951
SCALE 1.000000, 1.000000, 1.000000
X -0.006172, 0.697448, -0.716609
Y -0.002631, 0.716609, 0.697470
Z 0.999978, 0.006190, -0.002588

BONE 7
OFFSET 4.872562, 16.571888, 22.350672
SCALE 1.000000, 1.000000, 1.000000
X -0.000180, -0.308380, -0.951246
Y -0.001322, 0.951262, -0.308380
Z 0.999982, 0.001196, -0.000578

BONE 8
OFFSET -4.881594, 16.570927, 22.350399
SCALE 1.000000, 1.000000, 1.000000
X -0.000030, 0.308440, 0.951256
Y 0.000058, -0.951267, 0.308440
Z 1.000000, 0.000061, -0.000011

BONE 9
OFFSET 0.000482, 1.719346, 24.636602
SCALE 1.000000, 1.000000, 1.000000
X 0.000076, -0.999893, 0.013611
Y -0.000001, 0.013626, 0.999893
Z -0.999985, -0.000061, 0.000015

BONE 10
OFFSET -0.031226, 22.706861, 25.041410
SCALE 1.000000, 1.000000, 1.000000
X -0.004631, 0.360003, -0.932927
Y -0.004844, 0.932930, 0.360024
Z 0.999966, 0.006190, -0.002576

BONE 11
OFFSET 0.000680, -1.531486, 10.125903
SCALE 1.000000, 1.000000, 1.000000
X 0.000076, -0.999893, 0.013611
Y -0.000001, 0.013626, 0.999893
Z -0.999985, -0.000061, 0.000015

BONE 12
OFFSET 4.870646, 13.573832, 13.102711
SCALE 1.000000, 1.000000, 1.000000
X -0.001018, 0.424986, -0.905168
Y -0.000830, 0.905196, 0.424986
Z 0.999970, 0.001196, -0.000566

BONE 13
OFFSET -4.881412, 13.572457, 13.102626
SCALE 1.000000, 1.000000, 1.000000
X 0.000027, -0.424949, 0.905216
Y 0.000055, -0.905215, -0.424949
Z 0.999999, 0.000061, 0.000001

BONE 14
OFFSET 0.001004, -6.817451, 24.752808
SCALE 1.000000, 1.000000, 1.000000
X 0.000063, -0.999977, 0.006470
Y -0.000000, 0.006472, 0.999977
Z -0.999998, -0.000061, 0.000002

BONE 15
OFFSET -0.053067, 24.400509, 20.652422
SCALE 1.000000, 1.000000, 1.000000
X -0.002839, 0.044331, -0.998993
Y -0.006069, 0.998998, 0.044348
Z 0.999957, 0.006190, -0.002567

BONE 16
OFFSET 4.863980, 16.279385, 7.340211
SCALE 1.000000, 1.000000, 1.000000
X -0.000213, -0.271395, -0.962431
Y -0.001313, 0.962466, -0.271394
Z 0.999964, 0.001196, -0.000560

BONE 17
OFFSET -4.881576, 16.277695, 7.340000
SCALE 1.000000, 1.000000, 1.000000
X -0.000009, 0.271455, 0.962444
Y 0.000059, -0.962437, 0.271455
Z 0.999993, 0.000061, 0.000007

BONE 18
OFFSET 0.001488, -14.755589, 24.804173
SCALE 1.000000, 1.000000, 1.000000
X 0.000063, -0.999982, 0.005738
Y -0.000000, 0.005739, 0.999982
Z -0.999998, -0.000061, 0.000002

BONE 19
OFFSET -0.066111, 24.602726, 16.095419
SCALE 1.000000, 1.000000, 1.000000
X -0.002749, 0.026582, -0.999641
Y -0.006119, 0.999627, 0.026598
Z 0.999975, 0.006190, -0.002585

BONE 20
OFFSET 4.862735, 14.917054, 2.509059
SCALE 1.000000, 1.000000, 1.000000
X 0.000681, -0.812115, -0.583400
Y -0.001181, 0.583456, -0.812115
Z 0.999943, 0.001196, -0.000539

BONE 21
OFFSET -4.881493, 14.915068, 2.508919
SCALE 1.000000, 1.000000, 1.000000
X -0.000021, 0.812170, 0.583373
Y 0.000036, -0.583344, 0.812170
Z 0.999972, 0.000061, 0.000028

BONE 22
OFFSET 0.001784, -19.600964, 24.831974
SCALE 1.000000, 1.000000, 1.000000
X 0.000043, -0.998482, -0.055403
Y 0.000003, -0.055421, 0.998482
Z -1.000000, -0.000061, -0.000018

BONE 23
OFFSET 3.979744, -13.629662, 28.504290
SCALE 1.000000, 1.000000, 1.000000
X 0.334308, -0.365358, -0.868761
Y 0.221749, 0.926415, -0.304272
Z 0.916002, -0.090927, 0.390727

BONE 24
OFFSET -3.976911, -13.630102, 28.504286
SCALE 1.000000, 1.000000, 1.000000
X 0.334131, 0.365440, 0.868798
Y 0.222097, -0.926347, 0.304231
Z 0.915986, 0.091304, -0.390685

BONE 25
OFFSET -0.078411, 24.721558, 11.626680
SCALE 1.000000, 1.000000, 1.000000
X -0.002749, 0.026582, -0.999641
Y -0.006119, 0.999627, 0.026598
Z 0.999975, 0.006190, -0.002585

BONE 26
OFFSET 0.002094, -24.676865, 24.550323
SCALE 1.000000, 1.000000, 1.000000
X 0.000065, -0.978884, -0.204395
Y 0.000012, -0.204390, 0.978883
Z -0.999995, -0.000061, 0.000005

BONE 27
OFFSET 6.736181, -16.642151, 21.341076
SCALE 1.000000, 1.000000, 1.000000
X -0.080089, 0.192487, -0.978009
Y 0.015558, 0.981299, 0.191857
Z 0.996649, 0.000153, -0.081586

BONE 28
OFFSET -6.731916, -16.643347, 21.340822
SCALE 1.000000, 1.000000, 1.000000
X -0.080057, -0.192573, 0.978000
Y 0.015945, -0.981261, -0.191912
Z 0.996651, 0.000228, 0.081650

BONE 29
OFFSET 4.865416, 11.430285, 0.004264
SCALE 1.000000, 1.000000, 1.000000
X 0.000681, -0.812115, -0.583400
Y -0.001181, 0.583456, -0.812115
Z 0.999943, 0.001196, -0.000539

BONE 30
OFFSET -4.881279, 11.428176, 0.004316
SCALE 1.000000, 1.000000, 1.000000
X -0.000021, 0.812170, 0.583373
Y 0.000036, -0.583344, 0.812170
Z 0.999972, 0.000061, 0.000028

BONE 31
OFFSET 5.949294, -14.751303, 11.733844
SCALE 1.000000, 1.000000, 1.000000
X -0.079931, -0.197410, -0.977021
Y -0.016258, 0.980320, -0.196740
Z 0.996632, 0.000153, -0.081567

BONE 32
OFFSET -5.945397, -14.751654, 11.733753
SCALE 1.000000, 1.000000, 1.000000
X -0.080049, 0.197326, 0.977033
Y -0.015887, -0.980281, 0.196685
Z 0.996634, 0.000228, 0.081666

BONE 33
OFFSET 0.002390, -29.529207, 23.537132
SCALE 1.000000, 1.000000, 1.000000
X 0.000065, -0.978884, -0.204395
Y 0.000012, -0.204390, 0.978883
Z -0.999995, -0.000061, 0.000005

BONE 34
OFFSET 4.788921, -33.813984, 24.568102
SCALE 1.000000, 1.000000, 1.000000
X -0.003845, -0.415576, -0.909563
Y 0.860673, -0.464503, 0.208597
Z -0.509166, -0.782028, 0.359440

BONE 35
OFFSET -4.783618, -33.814598, 24.568129
SCALE 1.000000, 1.000000, 1.000000
X -0.003845, 0.415609, 0.909522
Y 0.860603, 0.464567, -0.208630
Z -0.509238, 0.781942, -0.359458

BONE 36
OFFSET 0.002504, -31.381151, 27.351292
SCALE 1.000000, 1.000000, 1.000000
X 0.000065, -0.978884, -0.204395
Y 0.000012, -0.204390, 0.978883
Z -0.999995, -0.000061, 0.000005

BONE 37
OFFSET 0.002402, -29.726074, 15.190065
SCALE 1.000000, 1.000000, 1.000000
X 0.000065, -0.978884, -0.204395
Y 0.000012, -0.204390, 0.978883
Z -0.999995, -0.000061, 0.000005

BONE 38
OFFSET 0.003217, -43.068924, 16.687838
SCALE 1.000000, 1.000000, 1.000000
X 0.000065, -0.978884, -0.204395
Y 0.000012, -0.204390, 0.978883
Z -0.999995, -0.000061, 0.000005

BONE 39
OFFSET 5.282203, -16.398174, 3.583154
SCALE 1.000000, 1.000000, 1.000000
X -0.073258, -0.438445, -0.895750
Y -0.035915, 0.898756, -0.436971
Z 0.996650, 0.000153, -0.081587

BONE 40
OFFSET -5.277369, -16.397785, 3.582958
SCALE 1.000000, 1.000000, 1.000000
X -0.073467, 0.438369, 0.895776
Y -0.035584, -0.898774, 0.436922
Z 0.996652, 0.000228, 0.081649

BONE 41
OFFSET 0.002919, -38.185196, 20.593857
SCALE 1.000000, 1.000000, 1.000000
X 0.000065, -0.978884, -0.204395
Y 0.000012, -0.204390, 0.978883
Z -0.999995, -0.000061, 0.000005

BONE 42
OFFSET 5.000477, -18.083944, 0.139106
SCALE 1.000000, 1.000000, 1.000000
X 0.001368, -0.999887, 0.014817
Y -0.081591, -0.014877, -0.996553
Z 0.996663, 0.000152, -0.081601

BONE 43
OFFSET -4.994860, -18.083233, 0.138824
SCALE 1.000000, 1.000000, 1.000000
X 0.000977, 0.999893, -0.014761
Y -0.081635, 0.014789, 0.996555
Z 0.996665, 0.000228, 0.081638

BONE 44
OFFSET 5.002165, -19.318686, 0.157403
SCALE 1.000000, 1.000000, 1.000000
X 0.001368, -0.999887, 0.014817
Y -0.081591, -0.014877, -0.996553
Z 0.996663, 0.000152, -0.081601

BONE 45
OFFSET -4.996074, -19.318033, 0.157053
SCALE 1.000000, 1.000000, 1.000000
X 0.000977, 0.999893, -0.014761
Y -0.081635, 0.014789, 0.996555
Z 0.996665, 0.000228, 0.081638

NUMVERTS 2146
VERT 0
OFFSET 5.468275, -37.641376, 17.980799
BONES 1
BONE 37 1.000000

VERT 1
OFFSET 5.490070, -37.553337, 18.405687
BONES 1
BONE 37 1.000000

VERT 2
OFFSET 5.399834, -37.541313, 18.451412
BONES 1
BONE 37 1.000000

VERT 3
OFFSET 5.280422, -37.452133, 17.957582
BONES 1
BONE 37 1.000000

VERT 4
OFFSET 5.293472, -37.574303, 18.361053
BONES 1
BONE 37 1.000000

VERT 5
OFFSET 5.129716, -37.656761, 18.017607
BONES 1
BONE 37 1.000000

VERT 6
OFFSET 5.280422, -37.452133, 17.957582
BONES 1
BONE 37 1.000000

VERT 7
OFFSET 5.087874, -37.464779, 17.426275
BONES 1
BONE 37 1.000000

VERT 8
OFFSET 4.890746, -37.740108, 17.561577
BONES 1
BONE 37 1.000000

VERT 9
OFFSET 5.490070, -37.553337, 18.405687
BONES 1
BONE 37 1.000000

VERT 10
OFFSET 5.282044, -37.794777, 18.055868
BONES 1
BONE 37 1.000000

VERT 11
OFFSET 5.293472, -37.574303, 18.361053
BONES 1
BONE 37 1.000000

VERT 12
OFFSET 5.468275, -37.641376, 17.980799
BONES 1
BONE 37 1.000000

VERT 13
OFFSET 5.334687, -37.765778, 17.351109
BONES 1
BONE 37 1.000000

VERT 14
OFFSET 5.087874, -37.464779, 17.426275
BONES 1
BONE 37 1.000000

VERT 15
OFFSET 5.399834, -37.541313, 18.451412
BONES 1
BONE 37 1.000000

VERT 16
OFFSET 5.129716, -37.656761, 18.017607
BONES 1
BONE 37 1.000000

VERT 17
OFFSET 5.086229, -37.979912, 17.506172
BONES 1
BONE 37 1.000000

VERT 18
OFFSET 4.890746, -37.740108, 17.561577
BONES 1
BONE 37 1.000000

VERT 19
OFFSET 4.264844, -37.773788, 16.840101
BONES 1
BONE 37 1.000000

VERT 20
OFFSET 4.457842, -38.135311, 16.601967
BONES 1
BONE 37 1.000000

VERT 21
OFFSET 3.058124, -38.150932, 15.647561
BONES 1
BONE 37 1.000000

VERT 22
OFFSET 2.892449, -37.732231, 15.925122
BONES 1
BONE 37 1.000000

VERT 23
OFFSET 1.455871, -37.698952, 15.074937
BONES 1
BONE 37 1.000000

VERT 24
OFFSET 4.703812, -37.886375, 16.298094
BONES 1
BONE 37 1.000000

VERT 25
OFFSET 1.461136, -38.065956, 14.797831
BONES 1
BONE 37 1.000000

VERT 26
OFFSET 3.251346, -37.894188, 15.265618
BONES 1
BONE 37 1.000000

VERT 27
OFFSET 4.264844, -37.773788, 16.840101
BONES 1
BONE 37 1.000000

VERT 28
OFFSET 1.402286, -37.886974, 14.600169
BONES 1
BONE 37 1.000000

VERT 29
OFFSET 3.060555, -37.442024, 15.616002
BONES 1
BONE 37 1.000000

VERT 30
OFFSET 4.461245, -37.469315, 16.607841
BONES 1
BONE 37 1.000000

VERT 31
OFFSET 1.415185, -37.490852, 14.927096
BONES 1
BONE 37 1.000000

VERT 32
OFFSET 1.455871, -37.698952, 15.074937
BONES 1
BONE 37 1.000000

VERT 33
OFFSET 2.892449, -37.732231, 15.925122
BONES 1
BONE 37 1.000000

VERT 34
OFFSET 1.555021, -37.520767, 15.581818
BONES 1
BONE 37 1.000000

VERT 35
OFFSET 1.533283, -37.332268, 15.706753
BONES 1
BONE 37 1.000000

VERT 36
OFFSET 1.713270, -37.522125, 15.668190
BONES 1
BONE 37 1.000000

VERT 37
OFFSET 1.754817, -37.322227, 15.753488
BONES 1
BONE 37 1.000000

VERT 38
OFFSET 1.552415, -37.164898, 15.824129
BONES 1
BONE 37 1.000000

VERT 39
OFFSET 1.713270, -37.522125, 15.668190
BONES 1
BONE 37 1.000000

VERT 40
OFFSET 1.715159, -37.161705, 15.800607
BONES 1
BONE 37 1.000000

VERT 41
OFFSET 1.832036, -37.148254, 15.426182
BONES 1
BONE 37 1.000000

VERT 42
OFFSET 1.779480, -36.980328, 15.553138
BONES 1
BONE 37 1.000000

VERT 43
OFFSET 1.826173, -36.785015, 15.136378
BONES 1
BONE 37 1.000000

VERT 44
OFFSET 1.795402, -36.753269, 15.661736
BONES 1
BONE 37 1.000000

VERT 45
OFFSET 1.835490, -36.324867, 15.317958
BONES 1
BONE 37 1.000000

VERT 46
OFFSET 1.848383, -36.483234, 15.707582
BONES 1
BONE 37 1.000000

VERT 47
OFFSET 1.734807, -36.208420, 15.902839
BONES 1
BONE 37 1.000000

VERT 48
OFFSET 1.835369, -35.929276, 15.446657
BONES 1
BONE 37 1.000000

VERT 49
OFFSET 1.656508, -35.731133, 16.050322
BONES 1
BONE 37 1.000000

VERT 50
OFFSET 1.578859, -36.149872, 15.984221
BONES 1
BONE 37 1.000000

VERT 51
OFFSET 1.524632, -35.720181, 16.102646
BONES 1
BONE 37 1.000000

VERT 52
OFFSET 1.685759, -36.360172, 16.157345
BONES 1
BONE 37 1.000000

VERT 53
OFFSET 1.554450, -36.327335, 16.170181
BONES 1
BONE 37 1.000000

VERT 54
OFFSET 1.738128, -36.612408, 16.083105
BONES 1
BONE 37 1.000000

VERT 55
OFFSET 1.734819, -35.628628, 15.511089
BONES 1
BONE 37 1.000000

VERT 56
OFFSET 1.470420, -36.620090, 16.110374
BONES 1
BONE 37 1.000000

VERT 57
OFFSET 1.554450, -36.327335, 16.170181
BONES 1
BONE 37 1.000000

VERT 58
OFFSET 1.644267, -35.583572, 15.969476
BONES 1
BONE 37 1.000000

VERT 59
OFFSET 1.524234, -35.577686, 15.996543
BONES 1
BONE 37 1.000000

VERT 60
OFFSET 1.524632, -35.720181, 16.102646
BONES 1
BONE 37 1.000000

VERT 61
OFFSET 1.667314, -35.471588, 15.638952
BONES 1
BONE 37 1.000000

VERT 62
OFFSET 1.689030, -36.903698, 16.021288
BONES 1
BONE 37 1.000000

VERT 63
OFFSET 1.545854, -35.474377, 15.628414
BONES 1
BONE 37 1.000000

VERT 64
OFFSET 1.510496, -36.925087, 15.980022
BONES 1
BONE 37 1.000000

VERT 65
OFFSET 1.553974, -36.935322, 15.635169
BONES 1
BONE 37 1.000000

VERT 66
OFFSET 1.510496, -36.925087, 15.980022
BONES 1
BONE 37 1.000000

VERT 67
OFFSET 1.553974, -36.935322, 15.635169
BONES 1
BONE 37 1.000000

VERT 68
OFFSET 1.858125, -37.062519, 14.943217
BONES 1
BONE 37 1.000000

VERT 69
OFFSET 1.552415, -37.164898, 15.824129
BONES 1
BONE 37 1.000000

VERT 70
OFFSET 1.782867, -37.446560, 15.329050
BONES 1
BONE 37 1.000000

VERT 71
OFFSET 1.818244, -37.390491, 14.693153
BONES 1
BONE 37 1.000000

VERT 72
OFFSET 1.604922, -37.996010, 15.015837
BONES 1
BONE 37 1.000000

VERT 73
OFFSET 1.575095, -37.561680, 15.388674
BONES 1
BONE 37 1.000000

VERT 74
OFFSET 1.700644, -37.833153, 14.500093
BONES 1
BONE 37 1.000000

VERT 75
OFFSET 1.536008, -38.339649, 14.731296
BONES 1
BONE 37 1.000000

VERT 76
OFFSET 1.466520, -38.020924, 15.139719
BONES 1
BONE 37 1.000000

VERT 77
OFFSET 1.369342, -38.337444, 14.937709
BONES 1
BONE 37 1.000000

VERT 78
OFFSET 1.555021, -37.520767, 15.581818
BONES 1
BONE 37 1.000000

VERT 79
OFFSET 1.540545, -38.236725, 14.373270
BONES 1
BONE 37 1.000000

VERT 80
OFFSET 1.500185, -38.407028, 14.430715
BONES 1
BONE 37 1.000000

VERT 81
OFFSET 1.311182, -38.551735, 14.741219
BONES 1
BONE 37 1.000000

VERT 82
OFFSET 1.407349, -38.604942, 14.197096
BONES 1
BONE 37 1.000000

VERT 83
OFFSET 1.358877, -36.099689, 15.390179
BONES 1
BONE 37 1.000000

VERT 84
OFFSET 1.545854, -35.474377, 15.628414
BONES 1
BONE 37 1.000000

VERT 85
OFFSET 1.286934, -36.774414, 15.182456
BONES 1
BONE 37 1.000000

VERT 86
OFFSET 1.826173, -36.785015, 15.136378
BONES 1
BONE 37 1.000000

VERT 87
OFFSET 1.303109, -37.186954, 15.006695
BONES 1
BONE 37 1.000000

VERT 88
OFFSET 1.858125, -37.062519, 14.943217
BONES 1
BONE 37 1.000000

VERT 89
OFFSET 1.835369, -35.929276, 15.446657
BONES 1
BONE 37 1.000000

VERT 90
OFFSET 1.734819, -35.628628, 15.511089
BONES 1
BONE 37 1.000000

VERT 91
OFFSET 1.524234, -35.577686, 15.996543
BONES 1
BONE 37 1.000000

VERT 92
OFFSET 1.433956, -36.216030, 15.901079
BONES 1
BONE 37 1.000000

VERT 93
OFFSET 1.524632, -35.720181, 16.102646
BONES 1
BONE 37 1.000000

VERT 94
OFFSET 1.578859, -36.149872, 15.984221
BONES 1
BONE 37 1.000000

VERT 95
OFFSET 1.554450, -36.327335, 16.170181
BONES 1
BONE 37 1.000000

VERT 96
OFFSET 1.470420, -36.620090, 16.110374
BONES 1
BONE 37 1.000000

VERT 97
OFFSET 1.393219, -36.565159, 15.787410
BONES 1
BONE 37 1.000000

VERT 98
OFFSET 1.510496, -36.925087, 15.980022
BONES 1
BONE 37 1.000000

VERT 99
OFFSET 1.457087, -36.813301, 15.694401
BONES 1
BONE 37 1.000000

VERT 100
OFFSET 1.553974, -36.935322, 15.635169
BONES 1
BONE 37 1.000000

VERT 101
OFFSET 1.463205, -37.069366, 15.563540
BONES 1
BONE 37 1.000000

VERT 102
OFFSET 1.552415, -37.164898, 15.824129
BONES 1
BONE 37 1.000000

VERT 103
OFFSET 1.533283, -37.332268, 15.706753
BONES 1
BONE 37 1.000000

VERT 104
OFFSET 1.474680, -37.263729, 15.476253
BONES 1
BONE 37 1.000000

VERT 105
OFFSET 1.303109, -37.186954, 15.006695
BONES 1
BONE 37 1.000000

VERT 106
OFFSET 1.818244, -37.390491, 14.693153
BONES 1
BONE 37 1.000000

VERT 107
OFFSET 1.286283, -37.485329, 14.863908
BONES 1
BONE 37 1.000000

VERT 108
OFFSET 1.700644, -37.833153, 14.500093
BONES 1
BONE 37 1.000000

VERT 109
OFFSET 1.245783, -37.867661, 14.629139
BONES 1
BONE 37 1.000000

VERT 110
OFFSET 1.540545, -38.236725, 14.373270
BONES 1
BONE 37 1.000000

VERT 111
OFFSET 1.152841, -38.166725, 14.520834
BONES 1
BONE 37 1.000000

VERT 112
OFFSET 1.407349, -38.604942, 14.197096
BONES 1
BONE 37 1.000000

VERT 113
OFFSET 1.007157, -38.624645, 14.301408
BONES 1
BONE 37 1.000000

VERT 114
OFFSET 1.261925, -38.899803, 14.059778
BONES 1
BONE 37 1.000000

VERT 115
OFFSET 0.748652, -39.001968, 14.196628
BONES 1
BONE 37 1.000000

VERT 116
OFFSET 1.138851, -39.100712, 14.011961
BONES 1
BONE 37 1.000000

VERT 117
OFFSET 0.880765, -39.404148, 13.897175
BONES 1
BONE 37 1.000000

VERT 118
OFFSET 0.495763, -39.201084, 14.080300
BONES 1
BONE 37 1.000000

VERT 119
OFFSET 0.518010, -39.639954, 13.767271
BONES 1
BONE 37 1.000000

VERT 120
OFFSET 0.237296, -39.281597, 14.010007
BONES 1
BONE 37 1.000000

VERT 121
OFFSET 0.082838, -39.693333, 13.620094
BONES 1
BONE 37 1.000000

VERT 122
OFFSET 0.010160, -39.275257, 14.006013
BONES 1
BONE 37 1.000000

VERT 123
OFFSET -0.072923, -39.695210, 13.616591
BONES 1
BONE 37 1.000000

VERT 124
OFFSET -0.294287, -39.301197, 13.973795
BONES 1
BONE 37 1.000000

VERT 125
OFFSET -0.538719, -39.631702, 13.779316
BONES 1
BONE 37 1.000000

VERT 126
OFFSET -0.564533, -39.194042, 14.012041
BONES 1
BONE 37 1.000000

VERT 127
OFFSET -0.813944, -39.416809, 13.845463
BONES 1
BONE 37 1.000000

VERT 128
OFFSET -1.071596, -39.166050, 13.976392
BONES 1
BONE 37 1.000000

VERT 129
OFFSET -0.799169, -38.956535, 14.156049
BONES 1
BONE 37 1.000000

VERT 130
OFFSET -1.305855, -38.802273, 14.092707
BONES 1
BONE 37 1.000000

VERT 131
OFFSET -0.988339, -38.614670, 14.332956
BONES 1
BONE 37 1.000000

VERT 132
OFFSET -1.489280, -38.425758, 14.243385
BONES 1
BONE 37 1.000000

VERT 133
OFFSET -1.127724, -38.262718, 14.461086
BONES 1
BONE 37 1.000000

VERT 134
OFFSET -1.560850, -38.244270, 14.415059
BONES 1
BONE 37 1.000000

VERT 135
OFFSET -1.214996, -37.958279, 14.587637
BONES 1
BONE 37 1.000000

VERT 136
OFFSET -1.714685, -37.809788, 14.568167
BONES 1
BONE 37 1.000000

VERT 137
OFFSET -1.280849, -37.631924, 14.744891
BONES 1
BONE 37 1.000000

VERT 138
OFFSET -1.841407, -37.349056, 14.801784
BONES 1
BONE 37 1.000000

VERT 139
OFFSET -1.303808, -37.262608, 14.964036
BONES 1
BONE 37 1.000000

VERT 140
OFFSET -1.858280, -37.068691, 14.939802
BONES 1
BONE 37 1.000000

VERT 141
OFFSET -1.291567, -36.804726, 15.157059
BONES 1
BONE 37 1.000000

VERT 142
OFFSET -1.769799, -36.675816, 15.126904
BONES 1
BONE 37 1.000000

VERT 143
OFFSET -1.275363, -36.413441, 15.346741
BONES 1
BONE 37 1.000000

VERT 144
OFFSET -1.837000, -36.313744, 15.320533
BONES 1
BONE 37 1.000000

VERT 145
OFFSET -1.841402, -36.564388, 15.701485
BONES 1
BONE 37 1.000000

VERT 146
OFFSET -1.727822, -36.871338, 15.628725
BONES 1
BONE 37 1.000000

VERT 147
OFFSET -1.683288, -36.899433, 16.028366
BONES 1
BONE 37 1.000000

VERT 148
OFFSET -1.725090, -36.682938, 16.102274
BONES 1
BONE 37 1.000000

VERT 149
OFFSET -1.503714, -36.903641, 16.053661
BONES 1
BONE 37 1.000000

VERT 150
OFFSET -1.766222, -36.983490, 15.582861
BONES 1
BONE 37 1.000000

VERT 151
OFFSET -1.835374, -37.231785, 15.414604
BONES 1
BONE 37 1.000000

VERT 152
OFFSET -1.858280, -37.068691, 14.939802
BONES 1
BONE 37 1.000000

VERT 153
OFFSET -1.773254, -37.434586, 15.343483
BONES 1
BONE 37 1.000000

VERT 154
OFFSET -1.841407, -37.349056, 14.801784
BONES 1
BONE 37 1.000000

VERT 155
OFFSET -1.607289, -37.878502, 15.133009
BONES 1
BONE 37 1.000000

VERT 156
OFFSET -1.714685, -37.809788, 14.568167
BONES 1
BONE 37 1.000000

VERT 157
OFFSET -1.538068, -38.337635, 14.627593
BONES 1
BONE 37 1.000000

VERT 158
OFFSET -1.560850, -38.244270, 14.415059
BONES 1
BONE 37 1.000000

VERT 159
OFFSET -1.481285, -38.461296, 14.391279
BONES 1
BONE 37 1.000000

VERT 160
OFFSET -1.489280, -38.425758, 14.243385
BONES 1
BONE 37 1.000000

VERT 161
OFFSET -1.295069, -38.829197, 14.210600
BONES 1
BONE 37 1.000000

VERT 162
OFFSET -1.305855, -38.802273, 14.092707
BONES 1
BONE 37 1.000000

VERT 163
OFFSET -1.123757, -39.086460, 14.246451
BONES 1
BONE 37 1.000000

VERT 164
OFFSET -1.071596, -39.166050, 13.976392
BONES 1
BONE 37 1.000000

VERT 165
OFFSET -0.952599, -39.356033, 14.224648
BONES 1
BONE 37 1.000000

VERT 166
OFFSET -0.813944, -39.416809, 13.845463
BONES 1
BONE 37 1.000000

VERT 167
OFFSET -0.839042, -39.521400, 14.141482
BONES 1
BONE 37 1.000000

VERT 168
OFFSET -0.516595, -39.718166, 14.038395
BONES 1
BONE 37 1.000000

VERT 169
OFFSET -0.702760, -39.600887, 14.208875
BONES 1
BONE 37 1.000000

VERT 170
OFFSET -0.544330, -39.675213, 14.200670
BONES 1
BONE 37 1.000000

VERT 171
OFFSET -0.644733, -39.526512, 14.346457
BONES 1
BONE 37 1.000000

VERT 172
OFFSET -0.447656, -39.820065, 14.520277
BONES 1
BONE 37 1.000000

VERT 173
OFFSET -0.767758, -39.642525, 14.537748
BONES 1
BONE 37 1.000000

VERT 174
OFFSET -0.644733, -39.526512, 14.346457
BONES 1
BONE 37 1.000000

VERT 175
OFFSET -0.447030, -39.624268, 14.247815
BONES 1
BONE 37 1.000000

VERT 176
OFFSET -0.901395, -39.494568, 14.592190
BONES 1
BONE 37 1.000000

VERT 177
OFFSET -0.767758, -39.642525, 14.537748
BONES 1
BONE 37 1.000000

VERT 178
OFFSET -0.903427, -39.247833, 14.452323
BONES 1
BONE 37 1.000000

VERT 179
OFFSET -0.901395, -39.494568, 14.592190
BONES 1
BONE 37 1.000000

VERT 180
OFFSET -1.461452, -38.427326, 14.780979
BONES 1
BONE 37 1.000000

VERT 181
OFFSET -1.313053, -38.325775, 14.926419
BONES 1
BONE 37 1.000000

VERT 182
OFFSET -1.220558, -38.573753, 14.747583
BONES 1
BONE 37 1.000000

VERT 183
OFFSET -1.471151, -37.917358, 15.205982
BONES 1
BONE 37 1.000000

VERT 184
OFFSET -1.512313, -37.472889, 15.401433
BONES 1
BONE 37 1.000000

VERT 185
OFFSET -1.761578, -37.340023, 15.704320
BONES 1
BONE 37 1.000000

VERT 186
OFFSET -1.728539, -37.527847, 15.638406
BONES 1
BONE 37 1.000000

VERT 187
OFFSET -1.556493, -37.520851, 15.637497
BONES 1
BONE 37 1.000000

VERT 188
OFFSET -1.553413, -37.317436, 15.748520
BONES 1
BONE 37 1.000000

VERT 189
OFFSET -1.739929, -37.157398, 15.773379
BONES 1
BONE 37 1.000000

VERT 190
OFFSET -1.572393, -37.177528, 15.843488
BONES 1
BONE 37 1.000000

VERT 191
OFFSET -1.502584, -36.947441, 15.629204
BONES 1
BONE 37 1.000000

VERT 192
OFFSET -1.572393, -37.177528, 15.843488
BONES 1
BONE 37 1.000000

VERT 193
OFFSET -1.448956, -36.613869, 16.109976
BONES 1
BONE 37 1.000000

VERT 194
OFFSET -1.684005, -36.393848, 16.127329
BONES 1
BONE 37 1.000000

VERT 195
OFFSET -1.812595, -36.305244, 15.813066
BONES 1
BONE 37 1.000000

VERT 196
OFFSET -1.033440, -39.111221, 14.467011
BONES 1
BONE 37 1.000000

VERT 197
OFFSET -1.524337, -36.362877, 16.183212
BONES 1
BONE 37 1.000000

VERT 198
OFFSET -1.674782, -36.193275, 15.956135
BONES 1
BONE 37 1.000000

VERT 199
OFFSET -1.524337, -36.362877, 16.183212
BONES 1
BONE 37 1.000000

VERT 200
OFFSET -1.505448, -36.135437, 15.958109
BONES 1
BONE 37 1.000000

VERT 201
OFFSET -1.614620, -35.703663, 16.077436
BONES 1
BONE 37 1.000000

VERT 202
OFFSET -0.538719, -39.631702, 13.779316
BONES 1
BONE 37 1.000000

VERT 203
OFFSET -1.344992, -36.024525, 15.496431
BONES 1
BONE 37 1.000000

VERT 204
OFFSET -1.495598, -35.709663, 16.062407
BONES 1
BONE 37 1.000000

VERT 205
OFFSET -1.859279, -36.076614, 15.416767
BONES 1
BONE 37 1.000000

VERT 206
OFFSET -1.409087, -36.236160, 15.870722
BONES 1
BONE 37 1.000000

VERT 207
OFFSET -1.502584, -36.947441, 15.629204
BONES 1
BONE 37 1.000000

VERT 208
OFFSET -1.387092, -36.519058, 15.801756
BONES 1
BONE 37 1.000000

VERT 209
OFFSET -1.473737, -37.222481, 15.496306
BONES 1
BONE 37 1.000000

VERT 210
OFFSET -1.572393, -37.177528, 15.843488
BONES 1
BONE 37 1.000000

VERT 211
OFFSET -1.512313, -37.472889, 15.401433
BONES 1
BONE 37 1.000000

VERT 212
OFFSET -1.553413, -37.317436, 15.748520
BONES 1
BONE 37 1.000000

VERT 213
OFFSET -1.556493, -37.520851, 15.637497
BONES 1
BONE 37 1.000000

VERT 214
OFFSET -1.728539, -37.527847, 15.638406
BONES 1
BONE 37 1.000000

VERT 215
OFFSET -1.086406, -38.785870, 14.684991
BONES 1
BONE 37 1.000000

VERT 216
OFFSET -1.220558, -38.573753, 14.747583
BONES 1
BONE 37 1.000000

VERT 217
OFFSET -1.127724, -38.262718, 14.461086
BONES 1
BONE 37 1.000000

VERT 218
OFFSET -1.859279, -36.076614, 15.416767
BONES 1
BONE 37 1.000000

VERT 219
OFFSET -1.675939, -35.615185, 15.955646
BONES 1
BONE 37 1.000000

VERT 220
OFFSET -1.313053, -38.325775, 14.926419
BONES 1
BONE 37 1.000000

VERT 221
OFFSET -1.214996, -37.958279, 14.587637
BONES 1
BONE 37 1.000000

VERT 222
OFFSET -1.503714, -36.903641, 16.053661
BONES 1
BONE 37 1.000000

VERT 223
OFFSET -1.492053, -35.583305, 15.954000
BONES 1
BONE 37 1.000000

VERT 224
OFFSET -1.524337, -36.362877, 16.183212
BONES 1
BONE 37 1.000000

VERT 225
OFFSET -0.903427, -39.247833, 14.452323
BONES 1
BONE 37 1.000000

VERT 226
OFFSET -1.471151, -37.917358, 15.205982
BONES 1
BONE 37 1.000000

VERT 227
OFFSET -0.248957, -39.777454, 13.990128
BONES 1
BONE 37 1.000000

VERT 228
OFFSET -0.447656, -39.820065, 14.520277
BONES 1
BONE 37 1.000000

VERT 229
OFFSET 1.466520, -38.020924, 15.139719
BONES 1
BONE 37 1.000000

VERT 230
OFFSET 1.369342, -38.337444, 14.937709
BONES 1
BONE 37 1.000000

VERT 231
OFFSET 1.152841, -38.166725, 14.520834
BONES 1
BONE 37 1.000000

VERT 232
OFFSET 1.127113, -38.819286, 14.645660
BONES 1
BONE 37 1.000000

VERT 233
OFFSET 1.007157, -38.624645, 14.301408
BONES 1
BONE 37 1.000000

VERT 234
OFFSET 1.575095, -37.561680, 15.388674
BONES 1
BONE 37 1.000000

VERT 235
OFFSET 1.458058, -37.419235, 15.387425
BONES 1
BONE 37 1.000000

VERT 236
OFFSET -1.556493, -37.520851, 15.637497
BONES 1
BONE 37 1.000000

VERT 237
OFFSET -1.448956, -36.613869, 16.109976
BONES 1
BONE 37 1.000000

VERT 238
OFFSET -1.505448, -36.135437, 15.958109
BONES 1
BONE 37 1.000000

VERT 239
OFFSET -1.528760, -35.489048, 15.635825
BONES 1
BONE 37 1.000000

VERT 240
OFFSET 1.555021, -37.520767, 15.581818
BONES 1
BONE 37 1.000000

VERT 241
OFFSET -1.495598, -35.709663, 16.062407
BONES 1
BONE 37 1.000000

VERT 242
OFFSET -1.720453, -35.541386, 15.593361
BONES 1
BONE 37 1.000000

VERT 243
OFFSET -1.492053, -35.583305, 15.954000
BONES 1
BONE 37 1.000000

VERT 244
OFFSET -1.495598, -35.709663, 16.062407
BONES 1
BONE 37 1.000000

VERT 245
OFFSET 1.286934, -36.774414, 15.182456
BONES 1
BONE 37 1.000000

VERT 246
OFFSET 1.358877, -36.099689, 15.390179
BONES 1
BONE 37 1.000000

VERT 247
OFFSET 1.545854, -35.474377, 15.628414
BONES 1
BONE 37 1.000000

VERT 248
OFFSET -1.720453, -35.541386, 15.593361
BONES 1
BONE 37 1.000000

VERT 249
OFFSET -1.528760, -35.489048, 15.635825
BONES 1
BONE 37 1.000000

VERT 250
OFFSET -0.072923, -39.695210, 13.616591
BONES 1
BONE 37 1.000000

VERT 251
OFFSET 0.229630, -39.782681, 13.988997
BONES 1
BONE 37 1.000000

VERT 252
OFFSET 0.082838, -39.693333, 13.620094
BONES 1
BONE 37 1.000000

VERT 253
OFFSET 0.518010, -39.639954, 13.767271
BONES 1
BONE 37 1.000000

VERT 254
OFFSET 0.080695, -39.813522, 14.114369
BONES 1
BONE 37 1.000000

VERT 255
OFFSET -0.100285, -39.814888, 14.114772
BONES 1
BONE 37 1.000000

VERT 256
OFFSET 0.489393, -39.752563, 14.050074
BONES 1
BONE 37 1.000000

VERT 257
OFFSET 0.077565, -39.819397, 14.496004
BONES 1
BONE 37 1.000000

VERT 258
OFFSET 0.432759, -39.841721, 14.522916
BONES 1
BONE 37 1.000000

VERT 259
OFFSET -0.105953, -39.824669, 14.534299
BONES 1
BONE 37 1.000000

VERT 260
OFFSET 0.865161, -39.495834, 14.041318
BONES 1
BONE 37 1.000000

VERT 261
OFFSET 0.880765, -39.404148, 13.897175
BONES 1
BONE 37 1.000000

VERT 262
OFFSET -0.055743, -39.691620, 14.259845
BONES 1
BONE 37 1.000000

VERT 263
OFFSET 0.052549, -39.681004, 14.261794
BONES 1
BONE 37 1.000000

VERT 264
OFFSET 0.583365, -39.683498, 14.153485
BONES 1
BONE 37 1.000000

VERT 265
OFFSET 0.758650, -39.583534, 14.178525
BONES 1
BONE 37 1.000000

VERT 266
OFFSET 1.004565, -39.305706, 14.163339
BONES 1
BONE 37 1.000000

VERT 267
OFFSET 0.959606, -39.481125, 14.552433
BONES 1
BONE 37 1.000000

VERT 268
OFFSET 1.138851, -39.100712, 14.011961
BONES 1
BONE 37 1.000000

VERT 269
OFFSET 0.617350, -39.518917, 14.300474
BONES 1
BONE 37 1.000000

VERT 270
OFFSET 1.066989, -39.168537, 14.220353
BONES 1
BONE 37 1.000000

VERT 271
OFFSET 0.795854, -39.631542, 14.535726
BONES 1
BONE 37 1.000000

VERT 272
OFFSET 1.220901, -38.980999, 14.153018
BONES 1
BONE 37 1.000000

VERT 273
OFFSET 1.261925, -38.899803, 14.059778
BONES 1
BONE 37 1.000000

VERT 274
OFFSET 0.924700, -39.238293, 14.450622
BONES 1
BONE 37 1.000000

VERT 275
OFFSET 0.482210, -39.650600, 14.237162
BONES 1
BONE 37 1.000000

VERT 276
OFFSET 1.029782, -39.142109, 14.446436
BONES 1
BONE 37 1.000000

VERT 277
OFFSET -1.727822, -36.871338, 15.628725
BONES 1
BONE 37 1.000000

VERT 278
OFFSET -1.502584, -36.947441, 15.629204
BONES 1
BONE 37 1.000000

VERT 279
OFFSET -1.503714, -36.903641, 16.053661
BONES 1
BONE 37 1.000000

VERT 280
OFFSET 0.924700, -39.238293, 14.450622
BONES 1
BONE 37 1.000000

VERT 281
OFFSET 0.748652, -39.001968, 14.196628
BONES 1
BONE 37 1.000000

VERT 282
OFFSET 0.617350, -39.518917, 14.300474
BONES 1
BONE 37 1.000000

VERT 283
OFFSET 0.795854, -39.631542, 14.535726
BONES 1
BONE 37 1.000000

VERT 284
OFFSET 0.495763, -39.201084, 14.080300
BONES 1
BONE 37 1.000000

VERT 285
OFFSET 0.482210, -39.650600, 14.237162
BONES 1
BONE 37 1.000000

VERT 286
OFFSET 0.237296, -39.281597, 14.010007
BONES 1
BONE 37 1.000000

VERT 287
OFFSET 0.205632, -39.593456, 14.250084
BONES 1
BONE 37 1.000000

VERT 288
OFFSET 0.010160, -39.275257, 14.006013
BONES 1
BONE 37 1.000000

VERT 289
OFFSET 0.432759, -39.841721, 14.522916
BONES 1
BONE 37 1.000000

VERT 290
OFFSET 0.583365, -39.683498, 14.153485
BONES 1
BONE 37 1.000000

VERT 291
OFFSET 0.052549, -39.681004, 14.261794
BONES 1
BONE 37 1.000000

VERT 292
OFFSET 0.077565, -39.819397, 14.496004
BONES 1
BONE 37 1.000000

VERT 293
OFFSET -0.055743, -39.691620, 14.259845
BONES 1
BONE 37 1.000000

VERT 294
OFFSET -0.242376, -39.599346, 14.246097
BONES 1
BONE 37 1.000000

VERT 295
OFFSET -0.294287, -39.301197, 13.973795
BONES 1
BONE 37 1.000000

VERT 296
OFFSET -0.447030, -39.624268, 14.247815
BONES 1
BONE 37 1.000000

VERT 297
OFFSET -0.105953, -39.824669, 14.534299
BONES 1
BONE 37 1.000000

VERT 298
OFFSET -0.564533, -39.194042, 14.012041
BONES 1
BONE 37 1.000000

VERT 299
OFFSET -0.644733, -39.526512, 14.346457
BONES 1
BONE 37 1.000000

VERT 300
OFFSET -0.799169, -38.956535, 14.156049
BONES 1
BONE 37 1.000000

VERT 301
OFFSET -0.901395, -39.494568, 14.592190
BONES 1
BONE 37 1.000000

VERT 302
OFFSET -0.447656, -39.820065, 14.520277
BONES 1
BONE 37 1.000000

VERT 303
OFFSET -0.544330, -39.675213, 14.200670
BONES 1
BONE 37 1.000000

VERT 304
OFFSET -0.767758, -39.642525, 14.537748
BONES 1
BONE 37 1.000000

VERT 305
OFFSET 0.924700, -39.238293, 14.450622
BONES 1
BONE 37 1.000000

VERT 306
OFFSET 0.959606, -39.481125, 14.552433
BONES 1
BONE 37 1.000000

VERT 307
OFFSET 1.029782, -39.142109, 14.446436
BONES 1
BONE 37 1.000000

VERT 308
OFFSET 1.127113, -38.819286, 14.645660
BONES 1
BONE 37 1.000000

VERT 309
OFFSET 1.127113, -38.819286, 14.645660
BONES 1
BONE 37 1.000000

VERT 310
OFFSET 1.369342, -38.337444, 14.937709
BONES 1
BONE 37 1.000000

VERT 311
OFFSET 1.311182, -38.551735, 14.741219
BONES 1
BONE 37 1.000000

VERT 312
OFFSET -1.086406, -38.785870, 14.684991
BONES 1
BONE 37 1.000000

VERT 313
OFFSET -0.903427, -39.247833, 14.452323
BONES 1
BONE 37 1.000000

VERT 314
OFFSET -1.033440, -39.111221, 14.467011
BONES 1
BONE 37 1.000000

VERT 315
OFFSET -3.275407, -41.935970, 16.648973
BONES 1
BONE 37 1.000000

VERT 316
OFFSET -3.151846, -41.889935, 16.679173
BONES 1
BONE 37 1.000000

VERT 317
OFFSET -3.217002, -41.780685, 16.235998
BONES 1
BONE 37 1.000000

VERT 318
OFFSET -2.999435, -41.869816, 16.252102
BONES 1
BONE 37 1.000000

VERT 319
OFFSET -3.217002, -41.780685, 16.235998
BONES 1
BONE 37 1.000000

VERT 320
OFFSET -2.932704, -41.210339, 15.344092
BONES 1
BONE 37 1.000000

VERT 321
OFFSET -3.296393, -41.584770, 16.284224
BONES 1
BONE 37 1.000000

VERT 322
OFFSET -3.069183, -40.960838, 15.549170
BONES 1
BONE 37 1.000000

VERT 323
OFFSET -3.180003, -41.490131, 16.341030
BONES 1
BONE 37 1.000000

VERT 324
OFFSET -2.900672, -40.844841, 15.657611
BONES 1
BONE 37 1.000000

VERT 325
OFFSET -2.610658, -40.909004, 15.709985
BONES 1
BONE 37 1.000000

VERT 326
OFFSET -3.052830, -41.546661, 16.425600
BONES 1
BONE 37 1.000000

VERT 327
OFFSET -3.297125, -41.820244, 16.644373
BONES 1
BONE 37 1.000000

VERT 328
OFFSET -3.151846, -41.889935, 16.679173
BONES 1
BONE 37 1.000000

VERT 329
OFFSET -2.535428, -40.203190, 15.194725
BONES 1
BONE 37 1.000000

VERT 330
OFFSET -2.247626, -40.358559, 15.276285
BONES 1
BONE 37 1.000000

VERT 331
OFFSET -1.703056, -39.335892, 14.935901
BONES 1
BONE 37 1.000000

VERT 332
OFFSET -1.936797, -39.077267, 14.911176
BONES 1
BONE 37 1.000000

VERT 333
OFFSET -2.736441, -40.249302, 15.014821
BONES 1
BONE 37 1.000000

VERT 334
OFFSET -1.220558, -38.573753, 14.747583
BONES 1
BONE 37 1.000000

VERT 335
OFFSET -2.053875, -39.035572, 14.699515
BONES 1
BONE 37 1.000000

VERT 336
OFFSET -1.461452, -38.427326, 14.780979
BONES 1
BONE 37 1.000000

VERT 337
OFFSET -1.538068, -38.337635, 14.627593
BONES 1
BONE 37 1.000000

VERT 338
OFFSET -1.849353, -39.314491, 14.328249
BONES 1
BONE 37 1.000000

VERT 339
OFFSET -3.297125, -41.820244, 16.644373
BONES 1
BONE 37 1.000000

VERT 340
OFFSET -1.388177, -38.645248, 14.300938
BONES 1
BONE 37 1.000000

VERT 341
OFFSET -1.123757, -39.086460, 14.246451
BONES 1
BONE 37 1.000000

VERT 342
OFFSET -2.532677, -40.480034, 14.632686
BONES 1
BONE 37 1.000000

VERT 343
OFFSET -1.425637, -39.784630, 14.354107
BONES 1
BONE 37 1.000000

VERT 344
OFFSET -2.574780, -41.394417, 15.257297
BONES 1
BONE 37 1.000000

VERT 345
OFFSET -1.989103, -40.708260, 14.537623
BONES 1
BONE 37 1.000000

VERT 346
OFFSET -1.033440, -39.111221, 14.467011
BONES 1
BONE 37 1.000000

VERT 347
OFFSET -3.275407, -41.935970, 16.648973
BONES 1
BONE 37 1.000000

VERT 348
OFFSET -3.151846, -41.889935, 16.679173
BONES 1
BONE 37 1.000000

VERT 349
OFFSET -1.840932, -40.744202, 14.875922
BONES 1
BONE 37 1.000000

VERT 350
OFFSET -2.879965, -41.798096, 16.298166
BONES 1
BONE 37 1.000000

VERT 351
OFFSET -1.365956, -39.869987, 14.617628
BONES 1
BONE 37 1.000000

VERT 352
OFFSET -1.511842, -39.648430, 14.868444
BONES 1
BONE 37 1.000000

VERT 353
OFFSET -1.086406, -38.785870, 14.684991
BONES 1
BONE 37 1.000000

VERT 354
OFFSET -1.703056, -39.335892, 14.935901
BONES 1
BONE 37 1.000000

VERT 355
OFFSET -1.220558, -38.573753, 14.747583
BONES 1
BONE 37 1.000000

VERT 356
OFFSET -2.247626, -40.358559, 15.276285
BONES 1
BONE 37 1.000000

VERT 357
OFFSET -1.982416, -40.523380, 15.141550
BONES 1
BONE 37 1.000000

VERT 358
OFFSET -2.440843, -41.102871, 15.604434
BONES 1
BONE 37 1.000000

VERT 359
OFFSET -2.610658, -40.909004, 15.709985
BONES 1
BONE 37 1.000000

VERT 360
OFFSET -2.325864, -41.307251, 15.436440
BONES 1
BONE 37 1.000000

VERT 361
OFFSET -3.151846, -41.889935, 16.679173
BONES 1
BONE 37 1.000000

VERT 362
OFFSET -2.940656, -41.646130, 16.374075
BONES 1
BONE 37 1.000000

VERT 363
OFFSET -3.052830, -41.546661, 16.425600
BONES 1
BONE 37 1.000000

VERT 364
OFFSET -1.451244, -37.985142, 14.924721
BONES 1
BONE 37 1.000000

VERT 365
OFFSET -1.500359, -38.151741, 14.788930
BONES 1
BONE 37 1.000000

VERT 366
OFFSET -2.980539, -38.083984, 15.791399
BONES 1
BONE 37 1.000000

VERT 367
OFFSET -1.496091, -37.687130, 15.134194
BONES 1
BONE 37 1.000000

VERT 368
OFFSET -2.889240, -37.720406, 15.932520
BONES 1
BONE 37 1.000000

VERT 369
OFFSET -1.603865, -37.465607, 15.057149
BONES 1
BONE 37 1.000000

VERT 370
OFFSET -3.948432, -37.750076, 16.589045
BONES 1
BONE 37 1.000000

VERT 371
OFFSET -2.995878, -37.421494, 15.738297
BONES 1
BONE 37 1.000000

VERT 372
OFFSET -4.073848, -37.451096, 16.423635
BONES 1
BONE 37 1.000000

VERT 373
OFFSET -4.035446, -38.110584, 16.455688
BONES 1
BONE 37 1.000000

VERT 374
OFFSET -4.682897, -37.496906, 16.975309
BONES 1
BONE 37 1.000000

VERT 375
OFFSET -3.141894, -38.240040, 15.497085
BONES 1
BONE 37 1.000000

VERT 376
OFFSET -4.643758, -38.070625, 17.004812
BONES 1
BONE 37 1.000000

VERT 377
OFFSET -4.574172, -37.792843, 17.080742
BONES 1
BONE 37 1.000000

VERT 378
OFFSET -4.933105, -37.567989, 17.180122
BONES 1
BONE 37 1.000000

VERT 379
OFFSET -1.500359, -38.151741, 14.788930
BONES 1
BONE 37 1.000000

VERT 380
OFFSET -4.925220, -38.008095, 17.286856
BONES 1
BONE 37 1.000000

VERT 381
OFFSET -4.865715, -38.159180, 16.780752
BONES 1
BONE 37 1.000000

VERT 382
OFFSET -4.931566, -37.800507, 17.264893
BONES 1
BONE 37 1.000000

VERT 383
OFFSET -4.253379, -38.245163, 16.144547
BONES 1
BONE 37 1.000000

VERT 384
OFFSET -5.077961, -38.035389, 17.198711
BONES 1
BONE 37 1.000000

VERT 385
OFFSET -4.351652, -37.842392, 15.992455
BONES 1
BONE 37 1.000000

VERT 386
OFFSET -3.228051, -37.832428, 15.307693
BONES 1
BONE 37 1.000000

VERT 387
OFFSET -4.966754, -37.814335, 16.680044
BONES 1
BONE 37 1.000000

VERT 388
OFFSET -4.931566, -37.800507, 17.264893
BONES 1
BONE 37 1.000000

VERT 389
OFFSET -5.109142, -37.778107, 17.146654
BONES 1
BONE 37 1.000000

VERT 390
OFFSET -1.567043, -37.838737, 14.643340
BONES 1
BONE 37 1.000000

VERT 391
OFFSET -4.682897, -37.496906, 16.975309
BONES 1
BONE 37 1.000000

VERT 392
OFFSET -2.995878, -37.421494, 15.738297
BONES 1
BONE 37 1.000000

VERT 393
OFFSET -4.933105, -37.567989, 17.180122
BONES 1
BONE 37 1.000000

VERT 394
OFFSET -4.073848, -37.451096, 16.423635
BONES 1
BONE 37 1.000000

VERT 395
OFFSET -1.603865, -37.465607, 15.057149
BONES 1
BONE 37 1.000000

VERT 396
OFFSET -5.109142, -37.778107, 17.146654
BONES 1
BONE 37 1.000000

VERT 397
OFFSET -4.933105, -37.567989, 17.180122
BONES 1
BONE 37 1.000000

VERT 398
OFFSET -0.631759, -39.194504, 14.815347
BONES 1
BONE 37 1.000000

VERT 399
OFFSET -0.706929, -39.229897, 14.964619
BONES 1
BONE 37 1.000000

VERT 400
OFFSET -0.333493, -39.414291, 14.976078
BONES 1
BONE 37 1.000000

VERT 401
OFFSET -0.345902, -39.245350, 14.774728
BONES 1
BONE 37 1.000000

VERT 402
OFFSET -0.389589, -38.758831, 14.850681
BONES 1
BONE 37 1.000000

VERT 403
OFFSET -0.761810, -38.822006, 14.881763
BONES 1
BONE 37 1.000000

VERT 404
OFFSET 0.007452, -39.304970, 14.761704
BONES 1
BONE 37 1.000000

VERT 405
OFFSET -0.942957, -38.232540, 15.127266
BONES 1
BONE 37 1.000000

VERT 406
OFFSET -0.505091, -38.086819, 15.156850
BONES 1
BONE 37 1.000000

VERT 407
OFFSET -0.013003, -38.763874, 14.792155
BONES 1
BONE 37 1.000000

VERT 408
OFFSET -1.194888, -37.024899, 15.778063
BONES 1
BONE 37 1.000000

VERT 409
OFFSET -0.028536, -37.972561, 15.112676
BONES 1
BONE 37 1.000000

VERT 410
OFFSET 0.032371, -39.420002, 14.964410
BONES 1
BONE 37 1.000000

VERT 411
