// Generated by Wraith - Game extraction tools
// Please credit DTZxPorter for using it!
MODEL
VERSION 6

NUMBONES 29
BONE 0 -1 "tag_origin"
BONE 1 0 "line03_01_jnt"
BONE 2 0 "line03_02_jnt"
BONE 3 0 "line03_b01_jnt"
BONE 4 0 "line03_b02_jnt"
BONE 5 0 "line03_b03_jnt"
BONE 6 0 "line03_b04_jnt"
BONE 7 0 "line03_b05_jnt"
BONE 8 0 "line03_b06_jnt"
BONE 9 0 "line03_b07_jnt"
BONE 10 0 "line03_b08_jnt"
BONE 11 0 "line03_b09_jnt"
BONE 12 0 "line03_b10_jnt"
BONE 13 0 "line03_b11_jnt"
BONE 14 0 "line03_b12_jnt"
BONE 15 0 "line03_b13_jnt"
BONE 16 0 "line04_01_jnt"
BONE 17 0 "line04_02_jnt"
BONE 18 0 "line04_b01_jnt"
BONE 19 0 "line04_b02_jnt"
BONE 20 0 "line04_b03_jnt"
BONE 21 0 "line04_b04_jnt"
BONE 22 0 "line04_b05_jnt"
BONE 23 0 "line04_b06_jnt"
BONE 24 0 "line04_b07_jnt"
BONE 25 0 "line04_b08_jnt"
BONE 26 0 "line04_b09_jnt"
BONE 27 0 "line04_b10_jnt"
BONE 28 0 "line04_b11_jnt"

BONE 0
OFFSET 0.000000, 0.000000, 0.000000
SCALE 1.000000, 1.000000, 1.000000
X 1.000000, 0.000000, 0.000000
Y 0.000000, 1.000000, 0.000000
Z 0.000000, 0.000000, 1.000000

BONE 1
OFFSET -411.531464, -326.608215, -85.432861
SCALE 1.000000, 1.000000, 1.000000
X 0.951054, -0.309028, -0.000000
Y 0.309028, 0.951054, 0.000000
Z 0.000000, -0.000000, 1.000000

BONE 2
OFFSET -313.643829, -57.291229, -8.333557
SCALE 1.000000, 1.000000, 1.000000
X 0.951054, -0.309028, -0.000000
Y 0.309028, 0.951054, 0.000000
Z 0.000000, -0.000000, 1.000000

BONE 3
OFFSET -483.313110, -548.850159, -128.327515
SCALE 1.000000, 1.000000, 1.000000
X -0.100837, 0.994547, 0.026806
Y -0.065139, 0.020282, -0.997674
Z -0.992773, -0.102344, 0.062733

BONE 4
OFFSET -470.533020, -507.956665, -127.990349
SCALE 1.000000, 1.000000, 1.000000
X -0.081041, 0.975855, 0.202890
Y -0.031544, 0.200935, -0.979106
Z -0.996224, -0.085735, 0.014488

BONE 5
OFFSET -457.420837, -469.415649, -125.997154
SCALE 1.000000, 1.000000, 1.000000
X -0.093215, 0.990775, -0.098256
Y 0.022081, -0.096594, -0.995068
Z -0.995390, -0.094936, -0.012862

BONE 6
OFFSET -433.106110, -389.359558, -119.511826
SCALE 1.000000, 1.000000, 1.000000
X -0.085399, 0.980771, 0.175533
Y -0.151868, 0.161298, -0.975158
Z -0.984713, -0.109927, 0.135164

BONE 7
OFFSET -420.245880, -351.630432, -113.795586
SCALE 1.000000, 1.000000, 1.000000
X -0.124257, 0.992255, 0.002066
Y -0.106381, -0.011257, -0.994268
Z -0.986538, -0.123758, 0.106948

BONE 8
OFFSET -393.933289, -274.505615, -99.458992
SCALE 1.000000, 1.000000, 1.000000
X -0.111323, 0.980308, 0.163006
Y 0.074850, 0.171847, -0.982264
Z -0.990945, -0.097163, -0.092495

BONE 9
OFFSET -367.533997, -199.112732, -80.254578
SCALE 1.000000, 1.000000, 1.000000
X -0.117818, 0.942803, 0.311854
Y 0.018080, 0.316021, -0.948584
Z -0.992877, -0.106117, -0.054283

BONE 10
OFFSET -340.251526, -127.191986, -57.447906
SCALE 1.000000, 1.000000, 1.000000
X -0.062237, 0.983811, 0.167993
Y -0.002396, 0.168181, -0.985745
Z -0.998048, -0.061763, -0.008101

BONE 11
OFFSET -325.381927, -89.433960, -43.007767
SCALE 1.000000, 1.000000, 1.000000
X -0.070327, 0.917961, 0.390368
Y 0.240289, 0.395412, -0.886511
Z -0.968142, 0.031449, -0.248381

BONE 12
OFFSET -300.956512, -16.744202, -12.857941
SCALE 1.000000, 1.000000, 1.000000
X -0.129895, 0.845818, 0.517392
Y 0.075352, 0.528737, -0.845428
Z -0.988648, -0.070841, -0.132409

BONE 13
OFFSET -277.788025, 54.727112, 20.191162
SCALE 1.000000, 1.000000, 1.000000
X -0.139308, 0.847013, 0.513010
Y 0.091740, 0.526864, -0.844989
Z -0.985999, -0.070643, -0.151104

BONE 14
OFFSET -267.458740, 89.384705, 38.154709
SCALE 1.000000, 1.000000, 1.000000
X -0.108195, 0.932713, 0.344001
Y 0.039502, 0.349794, -0.935992
Z -0.993343, -0.087682, -0.074689

BONE 15
OFFSET -254.757111, 124.580750, 57.886139
SCALE 1.000000, 1.000000, 1.000000
X -0.061336, 0.925754, 0.373081
Y 0.278713, 0.374819, -0.884202
Z -0.958399, 0.049738, -0.281003

BONE 16
OFFSET 347.820648, -328.699951, -85.432861
SCALE 1.000000, 1.000000, 1.000000
X 0.965925, 0.258825, 0.000000
Y -0.258825, 0.965925, 0.000000
Z 0.000000, 0.000000, 1.000000

BONE 17
OFFSET 284.294067, -55.277130, -8.333557
SCALE 1.000000, 1.000000, 1.000000
X 0.965925, 0.258825, 0.000000
Y -0.258825, 0.965925, 0.000000
Z 0.000000, 0.000000, 1.000000

BONE 18
OFFSET 422.794678, -552.540344, -127.568420
SCALE 1.000000, 1.000000, 1.000000
X 0.109773, 0.993693, -0.022400
Y -0.068366, -0.014922, -0.997535
Z -0.991591, 0.111023, 0.066309

BONE 19
OFFSET 396.154694, -473.287964, -124.493805
SCALE 1.000000, 1.000000, 1.000000
X 0.120017, 0.991273, -0.054390
Y 0.069282, -0.063006, -0.995596
Z -0.990344, 0.115713, -0.076232

BONE 20
OFFSET 381.520660, -432.872437, -121.328346
SCALE 1.000000, 1.000000, 1.000000
X 0.137715, 0.981328, 0.134199
Y -0.141484, 0.153601, -0.977941
Z -0.980304, 0.115679, 0.160006

BONE 21
OFFSET 357.516724, -355.851013, -111.675560
SCALE 1.000000, 1.000000, 1.000000
X 0.084706, 0.993857, -0.071315
Y -0.084937, -0.064116, -0.994329
Z -0.992786, 0.090290, 0.078977

BONE 22
OFFSET 337.059448, -277.042419, -96.935059
SCALE 1.000000, 1.000000, 1.000000
X 0.110849, 0.976668, 0.183884
Y -0.036973, 0.188959, -0.981280
Z -0.993140, 0.101966, 0.057065

BONE 23
OFFSET 309.847260, -161.168671, -66.363098
SCALE 1.000000, 1.000000, 1.000000
X 0.124392, 0.940241, 0.316978
Y 0.062374, 0.311417, -0.948225
Z -0.990271, 0.137724, -0.019909

BONE 24
OFFSET 291.985931, -85.221405, -39.506958
SCALE 1.000000, 1.000000, 1.000000
X 0.197622, 0.869310, 0.453005
Y -0.024611, 0.466391, -0.884224
Z -0.979953, 0.163579, 0.113572

BONE 25
OFFSET 271.874725, -11.387878, -8.976608
SCALE 1.000000, 1.000000, 1.000000
X 0.162492, 0.874311, 0.457330
Y -0.235739, 0.484478, -0.842432
Z -0.958122, 0.029065, 0.284843

BONE 26
OFFSET 262.284943, 22.576019, 6.927765
SCALE 1.000000, 1.000000, 1.000000
X 0.126590, 0.990152, 0.059924
Y -0.255368, 0.090896, -0.962571
Z -0.958530, 0.106557, 0.264350

BONE 27
OFFSET 253.029144, 61.171906, 24.443054
SCALE 1.000000, 1.000000, 1.000000
X 0.155098, 0.870142, 0.467738
Y -0.221132, 0.492041, -0.842013
Z -0.962822, 0.027154, 0.268738

BONE 28
OFFSET 236.198242, 132.624084, 62.498047
SCALE 1.000000, 1.000000, 1.000000
X 0.201330, 0.862341, 0.464546
Y 0.018823, 0.470782, -0.882037
Z -0.979327, 0.186311, 0.078558

NUMVERTS 2159
VERT 0
OFFSET -243.749847, 161.634460, 83.306152
BONES 1
BONE 0 1.000000

VERT 1
OFFSET -243.889557, 161.091263, 84.281982
BONES 1
BONE 0 1.000000

VERT 2
OFFSET -407.653168, -313.437805, -100.794479
BONES 1
BONE 1 1.000000

VERT 3
OFFSET -407.672791, -313.361145, -101.930435
BONES 1
BONE 1 1.000000

VERT 4
OFFSET -497.127655, -592.208740, -121.426483
BONES 1
BONE 0 1.000000

VERT 5
OFFSET -497.255737, -592.466064, -122.603668
BONES 1
BONE 0 1.000000

VERT 6
OFFSET -243.100037, 160.778503, 84.121704
BONES 1
BONE 0 1.000000

VERT 7
OFFSET -242.960342, 161.321701, 83.145874
BONES 1
BONE 0 1.000000

VERT 8
OFFSET -243.889557, 161.091263, 84.281982
BONES 1
BONE 0 1.000000

VERT 9
OFFSET -406.863678, -313.750549, -100.954758
BONES 1
BONE 1 1.000000

VERT 10
OFFSET -407.653168, -313.437805, -100.794479
BONES 1
BONE 1 1.000000

VERT 11
OFFSET -406.883301, -313.673889, -102.090698
BONES 1
BONE 1 1.000000

VERT 12
OFFSET -496.338165, -592.521484, -121.586754
BONES 1
BONE 0 1.000000

VERT 13
OFFSET -497.127655, -592.208740, -121.426483
BONES 1
BONE 0 1.000000

VERT 14
OFFSET -496.466187, -592.778748, -122.763939
BONES 1
BONE 0 1.000000

VERT 15
OFFSET -497.255737, -592.466064, -122.603668
BONES 1
BONE 0 1.000000

VERT 16
OFFSET -496.466187, -592.778748, -122.763939
BONES 1
BONE 0 1.000000

VERT 17
OFFSET -406.883301, -313.673889, -102.090698
BONES 1
BONE 1 1.000000

VERT 18
OFFSET -407.672791, -313.361145, -101.930435
BONES 1
BONE 1 1.000000

VERT 19
OFFSET -242.960342, 161.321701, 83.145874
BONES 1
BONE 0 1.000000

VERT 20
OFFSET -243.749847, 161.634460, 83.306152
BONES 1
BONE 0 1.000000

VERT 21
OFFSET 227.194000, 162.236145, 83.738312
BONES 1
BONE 0 1.000000

VERT 22
OFFSET 227.602417, 161.524872, 84.582458
BONES 1
BONE 0 1.000000

VERT 23
OFFSET 228.432281, 161.636658, 84.418732
BONES 1
BONE 0 1.000000

VERT 24
OFFSET 282.408112, -51.110992, -20.493088
BONES 1
BONE 17 1.000000

VERT 25
OFFSET 282.721313, -51.466370, -19.515457
BONES 1
BONE 17 1.000000

VERT 26
OFFSET 283.551178, -51.354553, -19.679184
BONES 1
BONE 17 1.000000

VERT 27
OFFSET 436.026733, -592.675903, -121.561646
BONES 1
BONE 0 1.000000

VERT 28
OFFSET 435.843384, -592.776978, -122.611305
BONES 1
BONE 0 1.000000

VERT 29
OFFSET 436.673279, -592.665222, -122.775047
BONES 1
BONE 0 1.000000

VERT 30
OFFSET 436.856598, -592.564087, -121.725380
BONES 1
BONE 0 1.000000

VERT 31
OFFSET 283.551178, -51.354553, -19.679184
BONES 1
BONE 17 1.000000

VERT 32
OFFSET 283.238007, -50.999176, -20.656815
BONES 1
BONE 17 1.000000

VERT 33
OFFSET 282.408112, -51.110992, -20.493088
BONES 1
BONE 17 1.000000

VERT 34
OFFSET 228.432281, 161.636658, 84.418732
BONES 1
BONE 0 1.000000

VERT 35
OFFSET 228.023865, 162.347931, 83.574585
BONES 1
BONE 0 1.000000

VERT 36
OFFSET 227.194000, 162.236145, 83.738312
BONES 1
BONE 0 1.000000

VERT 37
OFFSET 435.843384, -592.776978, -122.611305
BONES 1
BONE 0 1.000000

VERT 38
OFFSET 436.673279, -592.665222, -122.775047
BONES 1
BONE 0 1.000000

VERT 39
OFFSET -256.917358, 122.906464, 62.658875
BONES 2
BONE 0 0.898438
BONE 2 0.101562

VERT 40
OFFSET -257.066101, 122.337570, 63.621979
BONES 2
BONE 0 0.898438
BONE 2 0.101562

VERT 41
OFFSET -268.162842, 87.752655, 43.285706
BONES 2
BONE 0 0.699219
BONE 2 0.300781

VERT 42
OFFSET -268.345947, 87.087402, 44.196686
BONES 2
BONE 0 0.699219
BONE 2 0.300781

VERT 43
OFFSET -278.864014, 52.013245, 24.846741
BONES 2
BONE 2 0.597656
BONE 0 0.402344

VERT 44
OFFSET -279.000000, 51.480591, 25.827682
BONES 2
BONE 2 0.597656
BONE 0 0.402344

VERT 45
OFFSET -290.114594, 16.265045, 7.864517
BONES 2
BONE 2 0.796875
BONE 0 0.203125

VERT 46
OFFSET -290.248291, 15.738983, 8.848602
BONES 2
BONE 2 0.796875
BONE 0 0.203125

VERT 47
OFFSET -302.048309, -19.637482, -8.811768
BONES 2
BONE 2 0.898438
BONE 0 0.101562

VERT 48
OFFSET -302.128845, -20.010895, -7.762543
BONES 2
BONE 2 0.898438
BONE 0 0.101562

VERT 49
OFFSET -314.326233, -56.084869, -22.874268
BONES 2
BONE 2 0.949219
BONE 0 0.050781

VERT 50
OFFSET -314.306580, -55.890656, -23.981796
BONES 2
BONE 2 0.949219
BONE 0 0.050781

VERT 51
OFFSET -327.337311, -92.108582, -37.295715
BONES 2
BONE 2 0.863281
BONE 1 0.136719

VERT 52
OFFSET -327.317688, -91.914429, -38.403229
BONES 2
BONE 2 0.863281
BONE 1 0.136719

VERT 53
OFFSET -340.814667, -128.058289, -51.108154
BONES 2
BONE 2 0.699219
BONE 1 0.300781

VERT 54
OFFSET -340.795044, -127.864075, -52.215668
BONES 2
BONE 2 0.699219
BONE 1 0.300781

VERT 55
OFFSET -354.546936, -164.493896, -63.303238
BONES 2
BONE 2 0.500000
BONE 1 0.500000

VERT 56
OFFSET -354.527283, -164.299683, -64.410751
BONES 2
BONE 2 0.500000
BONE 1 0.500000

VERT 57
OFFSET -368.243500, -201.145874, -74.134621
BONES 2
BONE 1 0.699219
BONE 2 0.300781

VERT 58
OFFSET -368.223877, -200.951660, -75.242149
BONES 2
BONE 1 0.699219
BONE 2 0.300781

VERT 59
OFFSET -381.807068, -238.255310, -83.764526
BONES 2
BONE 1 0.871094
BONE 2 0.128906

VERT 60
OFFSET -381.787445, -238.061096, -84.872040
BONES 2
BONE 1 0.871094
BONE 2 0.128906

VERT 61
OFFSET -394.975220, -275.612488, -93.119545
BONES 2
BONE 1 0.972656
BONE 2 0.027344

VERT 62
OFFSET -394.955597, -275.418274, -94.227074
BONES 2
BONE 1 0.972656
BONE 2 0.027344

VERT 63
OFFSET -420.231537, -351.746277, -107.345436
BONES 2
BONE 1 0.945312
BONE 0 0.054688

VERT 64
OFFSET -420.255737, -351.683411, -108.484238
BONES 2
BONE 1 0.945312
BONE 0 0.054688

VERT 65
OFFSET -432.811218, -390.286377, -112.952873
BONES 2
BONE 1 0.847656
BONE 0 0.152344

VERT 66
OFFSET -432.805542, -390.133789, -114.071327
BONES 2
BONE 1 0.847656
BONE 0 0.152344

VERT 67
OFFSET -445.407043, -429.296875, -116.821701
BONES 2
BONE 1 0.691406
BONE 0 0.308594

VERT 68
OFFSET -445.441895, -429.266418, -117.966789
BONES 2
BONE 1 0.691406
BONE 0 0.308594

VERT 69
OFFSET -457.954773, -468.444824, -119.488937
BONES 2
BONE 0 0.507812
BONE 1 0.492188

VERT 70
OFFSET -458.050751, -468.601990, -120.659729
BONES 2
BONE 0 0.507812
BONE 1 0.492188

VERT 71
OFFSET -470.812866, -508.788269, -121.281548
BONES 2
BONE 0 0.734375
BONE 1 0.265625

VERT 72
OFFSET -470.939392, -509.040894, -122.458549
BONES 2
BONE 0 0.734375
BONE 1 0.265625

VERT 73
OFFSET -483.358124, -548.492188, -121.620201
BONES 2
BONE 0 0.898438
BONE 1 0.101562

VERT 74
OFFSET -483.438965, -548.602417, -122.786263
BONES 2
BONE 0 0.898438
BONE 1 0.101562

VERT 75
OFFSET -256.127808, 122.593704, 62.498596
BONES 2
BONE 0 0.898438
BONE 2 0.101562

VERT 76
OFFSET -256.276611, 122.024796, 63.461700
BONES 2
BONE 0 0.898438
BONE 2 0.101562

VERT 77
OFFSET -257.066101, 122.337570, 63.621979
BONES 2
BONE 0 0.898438
BONE 2 0.101562

VERT 78
OFFSET -267.373322, 87.439880, 43.125427
BONES 2
BONE 0 0.699219
BONE 2 0.300781

VERT 79
OFFSET -267.556458, 86.774628, 44.036407
BONES 2
BONE 0 0.699219
BONE 2 0.300781

VERT 80
OFFSET -268.345947, 87.087402, 44.196686
BONES 2
BONE 0 0.699219
BONE 2 0.300781

VERT 81
OFFSET -278.074463, 51.700470, 24.686493
BONES 2
BONE 2 0.597656
BONE 0 0.402344

VERT 82
OFFSET -278.210449, 51.167816, 25.667404
BONES 2
BONE 2 0.597656
BONE 0 0.402344

VERT 83
OFFSET -279.000000, 51.480591, 25.827682
BONES 2
BONE 2 0.597656
BONE 0 0.402344

VERT 84
OFFSET -289.325104, 15.952271, 7.704254
BONES 2
BONE 2 0.796875
BONE 0 0.203125

VERT 85
OFFSET -289.458771, 15.426208, 8.688324
BONES 2
BONE 2 0.796875
BONE 0 0.203125

VERT 86
OFFSET -290.248291, 15.738983, 8.848602
BONES 2
BONE 2 0.796875
BONE 0 0.203125

VERT 87
OFFSET -301.258789, -19.950256, -8.972046
BONES 2
BONE 2 0.898438
BONE 0 0.101562

VERT 88
OFFSET -301.339325, -20.323639, -7.922821
BONES 2
BONE 2 0.898438
BONE 0 0.101562

VERT 89
OFFSET -302.128845, -20.010895, -7.762543
BONES 2
BONE 2 0.898438
BONE 0 0.101562

VERT 90
OFFSET -313.536713, -56.397644, -23.034546
BONES 2
BONE 2 0.949219
BONE 0 0.050781

VERT 91
OFFSET -314.326233, -56.084869, -22.874268
BONES 2
BONE 2 0.949219
BONE 0 0.050781

VERT 92
OFFSET -313.517059, -56.203369, -24.142059
BONES 2
BONE 2 0.949219
BONE 0 0.050781

VERT 93
OFFSET -326.547791, -92.421417, -37.455978
BONES 2
BONE 2 0.863281
BONE 1 0.136719

VERT 94
OFFSET -327.337311, -92.108582, -37.295715
BONES 2
BONE 2 0.863281
BONE 1 0.136719

VERT 95
OFFSET -326.528168, -92.227142, -38.563507
BONES 2
BONE 2 0.863281
BONE 1 0.136719

VERT 96
OFFSET -340.025146, -128.371063, -51.268417
BONES 2
BONE 2 0.699219
BONE 1 0.300781

VERT 97
OFFSET -340.814667, -128.058289, -51.108154
BONES 2
BONE 2 0.699219
BONE 1 0.300781

VERT 98
OFFSET -340.005524, -128.176819, -52.375931
BONES 2
BONE 2 0.699219
BONE 1 0.300781

VERT 99
OFFSET -353.757416, -164.806641, -63.463501
BONES 2
BONE 2 0.500000
BONE 1 0.500000

VERT 100
OFFSET -354.546936, -164.493896, -63.303238
BONES 2
BONE 2 0.500000
BONE 1 0.500000

VERT 101
OFFSET -353.737793, -164.612427, -64.571030
BONES 2
BONE 2 0.500000
BONE 1 0.500000

VERT 102
OFFSET -367.453979, -201.458618, -74.294891
BONES 2
BONE 1 0.699219
BONE 2 0.300781

VERT 103
OFFSET -368.243500, -201.145874, -74.134621
BONES 2
BONE 1 0.699219
BONE 2 0.300781

VERT 104
OFFSET -367.434357, -201.264404, -75.402420
BONES 2
BONE 1 0.699219
BONE 2 0.300781

VERT 105
OFFSET -381.017548, -238.568054, -83.924797
BONES 2
BONE 1 0.871094
BONE 2 0.128906

VERT 106
OFFSET -381.807068, -238.255310, -83.764526
BONES 2
BONE 1 0.871094
BONE 2 0.128906

VERT 107
OFFSET -380.997925, -238.373840, -85.032318
BONES 2
BONE 1 0.871094
BONE 2 0.128906

VERT 108
OFFSET -394.185730, -275.925232, -93.279816
BONES 2
BONE 1 0.972656
BONE 2 0.027344

VERT 109
OFFSET -394.975220, -275.612488, -93.119545
BONES 2
BONE 1 0.972656
BONE 2 0.027344

VERT 110
OFFSET -394.166077, -275.730957, -94.387352
BONES 2
BONE 1 0.972656
BONE 2 0.027344

VERT 111
OFFSET -419.442017, -352.059082, -107.505714
BONES 2
BONE 1 0.945312
BONE 0 0.054688

VERT 112
OFFSET -420.231537, -351.746277, -107.345436
BONES 2
BONE 1 0.945312
BONE 0 0.054688

VERT 113
OFFSET -419.466217, -351.996216, -108.644508
BONES 2
BONE 1 0.945312
BONE 0 0.054688

VERT 114
OFFSET -432.021698, -390.599121, -113.113136
BONES 2
BONE 1 0.847656
BONE 0 0.152344

VERT 115
OFFSET -432.811218, -390.286377, -112.952873
BONES 2
BONE 1 0.847656
BONE 0 0.152344

VERT 116
OFFSET -432.016052, -390.446533, -114.231598
BONES 2
BONE 1 0.847656
BONE 0 0.152344

VERT 117
OFFSET -444.617493, -429.609680, -116.981979
BONES 2
BONE 1 0.691406
BONE 0 0.308594

VERT 118
OFFSET -445.407043, -429.296875, -116.821701
BONES 2
BONE 1 0.691406
BONE 0 0.308594

VERT 119
OFFSET -444.652344, -429.579102, -118.127060
BONES 2
BONE 1 0.691406
BONE 0 0.308594

VERT 120
OFFSET -457.165253, -468.757568, -119.649208
BONES 2
BONE 0 0.507812
BONE 1 0.492188

VERT 121
OFFSET -457.954773, -468.444824, -119.488937
BONES 2
BONE 0 0.507812
BONE 1 0.492188

VERT 122
OFFSET -457.261169, -468.914734, -120.820007
BONES 2
BONE 0 0.507812
BONE 1 0.492188

VERT 123
OFFSET -470.023285, -509.100952, -121.441811
BONES 2
BONE 0 0.734375
BONE 1 0.265625

VERT 124
OFFSET -470.812866, -508.788269, -121.281548
BONES 2
BONE 0 0.734375
BONE 1 0.265625

VERT 125
OFFSET -470.149872, -509.353638, -122.618820
BONES 2
BONE 0 0.734375
BONE 1 0.265625

VERT 126
OFFSET -482.568634, -548.804932, -121.780472
BONES 2
BONE 0 0.898438
BONE 1 0.101562

VERT 127
OFFSET -483.358124, -548.492188, -121.620201
BONES 2
BONE 0 0.898438
BONE 1 0.101562

VERT 128
OFFSET -482.649445, -548.915100, -122.946526
BONES 2
BONE 0 0.898438
BONE 1 0.101562

VERT 129
OFFSET -482.649445, -548.915100, -122.946526
BONES 2
BONE 0 0.898438
BONE 1 0.101562

VERT 130
OFFSET -483.438965, -548.602417, -122.786263
BONES 2
BONE 0 0.898438
BONE 1 0.101562

VERT 131
OFFSET -470.149872, -509.353638, -122.618820
BONES 2
BONE 0 0.734375
BONE 1 0.265625

VERT 132
OFFSET -470.939392, -509.040894, -122.458549
BONES 2
BONE 0 0.734375
BONE 1 0.265625

VERT 133
OFFSET -457.261169, -468.914734, -120.820007
BONES 2
BONE 0 0.507812
BONE 1 0.492188

VERT 134
OFFSET -458.050751, -468.601990, -120.659729
BONES 2
BONE 0 0.507812
BONE 1 0.492188

VERT 135
OFFSET -444.652344, -429.579102, -118.127060
BONES 2
BONE 1 0.691406
BONE 0 0.308594

VERT 136
OFFSET -445.441895, -429.266418, -117.966789
BONES 2
BONE 1 0.691406
BONE 0 0.308594

VERT 137
OFFSET -432.016052, -390.446533, -114.231598
BONES 2
BONE 1 0.847656
BONE 0 0.152344

VERT 138
OFFSET -432.805542, -390.133789, -114.071327
BONES 2
BONE 1 0.847656
BONE 0 0.152344

VERT 139
OFFSET -419.466217, -351.996216, -108.644508
BONES 2
BONE 1 0.945312
BONE 0 0.054688

VERT 140
OFFSET -420.255737, -351.683411, -108.484238
BONES 2
BONE 1 0.945312
BONE 0 0.054688

VERT 141
OFFSET -394.166077, -275.730957, -94.387352
BONES 2
BONE 1 0.972656
BONE 2 0.027344

VERT 142
OFFSET -394.955597, -275.418274, -94.227074
BONES 2
BONE 1 0.972656
BONE 2 0.027344

VERT 143
OFFSET -380.997925, -238.373840, -85.032318
BONES 2
BONE 1 0.871094
BONE 2 0.128906

VERT 144
OFFSET -381.787445, -238.061096, -84.872040
BONES 2
BONE 1 0.871094
BONE 2 0.128906

VERT 145
OFFSET -367.434357, -201.264404, -75.402420
BONES 2
BONE 1 0.699219
BONE 2 0.300781

VERT 146
OFFSET -368.223877, -200.951660, -75.242149
BONES 2
BONE 1 0.699219
BONE 2 0.300781

VERT 147
OFFSET -353.737793, -164.612427, -64.571030
BONES 2
BONE 2 0.500000
BONE 1 0.500000

VERT 148
OFFSET -354.527283, -164.299683, -64.410751
BONES 2
BONE 2 0.500000
BONE 1 0.500000

VERT 149
OFFSET -340.005524, -128.176819, -52.375931
BONES 2
BONE 2 0.699219
BONE 1 0.300781

VERT 150
OFFSET -340.795044, -127.864075, -52.215668
BONES 2
BONE 2 0.699219
BONE 1 0.300781

VERT 151
OFFSET -326.528168, -92.227142, -38.563507
BONES 2
BONE 2 0.863281
BONE 1 0.136719

VERT 152
OFFSET -327.317688, -91.914429, -38.403229
BONES 2
BONE 2 0.863281
BONE 1 0.136719

VERT 153
OFFSET -313.517059, -56.203369, -24.142059
BONES 2
BONE 2 0.949219
BONE 0 0.050781

VERT 154
OFFSET -314.306580, -55.890656, -23.981796
BONES 2
BONE 2 0.949219
BONE 0 0.050781

VERT 155
OFFSET -301.258789, -19.950256, -8.972046
BONES 2
BONE 2 0.898438
BONE 0 0.101562

VERT 156
OFFSET -302.048309, -19.637482, -8.811768
BONES 2
BONE 2 0.898438
BONE 0 0.101562

VERT 157
OFFSET -289.325104, 15.952271, 7.704254
BONES 2
BONE 2 0.796875
BONE 0 0.203125

VERT 158
OFFSET -290.114594, 16.265045, 7.864517
BONES 2
BONE 2 0.796875
BONE 0 0.203125

VERT 159
OFFSET -278.074463, 51.700470, 24.686493
BONES 2
BONE 2 0.597656
BONE 0 0.402344

VERT 160
OFFSET -278.864014, 52.013245, 24.846741
BONES 2
BONE 2 0.597656
BONE 0 0.402344

VERT 161
OFFSET -267.373322, 87.439880, 43.125427
BONES 2
BONE 0 0.699219
BONE 2 0.300781

VERT 162
OFFSET -268.162842, 87.752655, 43.285706
BONES 2
BONE 0 0.699219
BONE 2 0.300781

VERT 163
OFFSET -256.127808, 122.593704, 62.498596
BONES 2
BONE 0 0.898438
BONE 2 0.101562

VERT 164
OFFSET -256.917358, 122.906464, 62.658875
BONES 2
BONE 0 0.898438
BONE 2 0.101562

VERT 165
OFFSET 235.403748, 130.237350, 67.073608
BONES 2
BONE 0 0.898438
BONE 17 0.101562

VERT 166
OFFSET 235.818939, 129.499756, 67.904846
BONES 2
BONE 0 0.898438
BONE 17 0.101562

VERT 167
OFFSET 244.471039, 94.558929, 47.518723
BONES 2
BONE 0 0.730469
BONE 17 0.269531

VERT 168
OFFSET 244.911469, 93.722473, 48.297379
BONES 2
BONE 0 0.730469
BONE 17 0.269531

VERT 169
OFFSET 253.714508, 58.530121, 28.896057
BONES 2
BONE 17 0.500000
BONE 0 0.500000

VERT 170
OFFSET 254.120087, 57.829651, 29.745361
BONES 2
BONE 17 0.500000
BONE 0 0.500000

VERT 171
OFFSET 263.116913, 22.345734, 11.729004
BONES 2
BONE 17 0.765625
BONE 0 0.234375

VERT 172
OFFSET 236.648804, 129.611542, 67.741119
BONES 2
BONE 0 0.898438
BONE 17 0.101562

VERT 173
OFFSET 245.741364, 93.834259, 48.133652
BONES 2
BONE 0 0.730469
BONE 17 0.269531

VERT 174
OFFSET 254.949951, 57.941437, 29.581619
BONES 2
BONE 17 0.500000
BONE 0 0.500000

VERT 175
OFFSET 263.520752, 21.652008, 12.581482
BONES 2
BONE 17 0.765625
BONE 0 0.234375

VERT 176
OFFSET 272.645508, -14.184570, -5.133987
BONES 2
BONE 17 0.941406
BONE 0 0.058594

VERT 177
OFFSET 273.008179, -14.722290, -4.215576
BONES 2
BONE 17 0.941406
BONE 0 0.058594

VERT 178
OFFSET 291.829285, -88.149811, -35.103790
BONES 2
BONE 17 0.949219
BONE 16 0.050781

VERT 179
OFFSET 264.350647, 21.763794, 12.417740
BONES 2
BONE 17 0.765625
BONE 0 0.234375

VERT 180
OFFSET 273.838043, -14.610504, -4.379303
BONES 2
BONE 17 0.941406
BONE 0 0.058594

VERT 181
OFFSET 292.142456, -88.505219, -34.126160
BONES 2
BONE 17 0.949219
BONE 16 0.050781

VERT 182
OFFSET 300.515015, -125.468872, -49.105972
BONES 2
BONE 17 0.796875
BONE 16 0.203125

VERT 183
OFFSET 292.972321, -88.393433, -34.289902
BONES 2
BONE 17 0.949219
BONE 16 0.050781

VERT 184
OFFSET 300.828186, -125.824219, -48.128342
BONES 2
BONE 17 0.796875
BONE 16 0.203125

VERT 185
OFFSET 301.658051, -125.712463, -48.292068
BONES 2
BONE 17 0.796875
BONE 16 0.203125

VERT 186
OFFSET 309.384583, -163.744568, -60.516083
BONES 2
BONE 17 0.597656
BONE 16 0.402344

VERT 187
OFFSET 309.071381, -163.389221, -61.493713
BONES 2
BONE 17 0.597656
BONE 16 0.402344

VERT 188
OFFSET 317.948761, -201.430420, -72.518936
BONES 2
BONE 16 0.578125
BONE 17 0.421875

VERT 189
OFFSET 318.261963, -201.785828, -71.541290
BONES 2
BONE 16 0.578125
BONE 17 0.421875

VERT 190
OFFSET 327.199371, -239.783264, -82.344765
BONES 2
BONE 16 0.734375
BONE 17 0.265625

VERT 191
OFFSET 327.512543, -240.138611, -81.367119
BONES 2
BONE 16 0.734375
BONE 17 0.265625

VERT 192
OFFSET 336.781769, -278.164062, -91.896324
BONES 2
BONE 16 0.859375
BONE 17 0.140625

VERT 193
OFFSET 310.214447, -163.632812, -60.679825
BONES 2
BONE 17 0.597656
BONE 16 0.402344

VERT 194
OFFSET 319.091827, -201.674072, -71.705032
BONES 2
BONE 16 0.578125
BONE 17 0.421875

VERT 195
OFFSET 328.342407, -240.026855, -81.530861
BONES 2
BONE 16 0.734375
BONE 17 0.265625

VERT 196
OFFSET 337.094940, -278.519409, -90.918678
BONES 2
BONE 16 0.859375
BONE 17 0.140625

VERT 197
OFFSET 346.859985, -316.848694, -99.798492
BONES 2
BONE 16 0.949219
BONE 17 0.050781

VERT 198
OFFSET 347.140045, -317.084778, -98.791817
BONES 2
BONE 16 0.949219
BONE 17 0.050781

VERT 199
OFFSET 357.599945, -355.693481, -106.552887
BONES 2
BONE 16 0.976562
BONE 0 0.023438

VERT 200
OFFSET 357.876068, -355.915527, -105.543289
BONES 2
BONE 16 0.976562
BONE 0 0.023438

VERT 201
OFFSET 369.066345, -394.465576, -112.341248
BONES 2
BONE 16 0.929688
BONE 0 0.070312

VERT 202
OFFSET 337.924805, -278.407654, -91.082413
BONES 2
BONE 16 0.859375
BONE 17 0.140625

VERT 203
OFFSET 347.969910, -316.973022, -98.955551
BONES 2
BONE 16 0.949219
BONE 17 0.050781

VERT 204
OFFSET 358.705933, -355.803833, -105.707024
BONES 2
BONE 16 0.976562
BONE 0 0.023438

VERT 205
OFFSET 369.367859, -394.778687, -111.352455
BONES 2
BONE 16 0.929688
BONE 0 0.070312

VERT 206
OFFSET 381.773621, -433.614624, -116.441597
BONES 2
BONE 16 0.765625
BONE 0 0.234375

VERT 207
OFFSET 382.040558, -433.803955, -115.425545
BONES 2
BONE 16 0.765625
BONE 0 0.234375

VERT 208
OFFSET 395.239288, -472.758789, -119.340530
BONES 2
BONE 16 0.527344
BONE 0 0.472656

VERT 209
OFFSET 370.197754, -394.666870, -111.516205
BONES 2
BONE 16 0.929688
BONE 0 0.070312

VERT 210
OFFSET 382.870392, -433.692200, -115.589287
BONES 2
BONE 16 0.765625
BONE 0 0.234375

VERT 211
OFFSET 395.452057, -472.758606, -118.297775
BONES 2
BONE 16 0.527344
BONE 0 0.472656

VERT 212
OFFSET 396.281891, -472.646851, -118.461510
BONES 2
BONE 16 0.527344
BONE 0 0.472656

VERT 213
OFFSET 409.183624, -512.908020, -120.301659
BONES 2
BONE 0 0.699219
BONE 16 0.300781

VERT 214
OFFSET 410.013489, -512.796265, -120.465393
BONES 2
BONE 0 0.699219
BONE 16 0.300781

VERT 215
OFFSET 422.879608, -552.331238, -121.188995
BONES 2
BONE 0 0.898438
BONE 16 0.101562

VERT 216
OFFSET 422.653198, -552.284058, -122.226761
BONES 2
BONE 0 0.898438
BONE 16 0.101562

VERT 217
OFFSET 408.998932, -513.004517, -121.351120
BONES 2
BONE 0 0.699219
BONE 16 0.300781

VERT 218
OFFSET 423.709503, -552.219360, -121.352737
BONES 2
BONE 0 0.898438
BONE 16 0.101562

VERT 219
OFFSET 423.483093, -552.172302, -122.390511
BONES 2
BONE 0 0.898438
BONE 16 0.101562

VERT 220
OFFSET 300.828186, -125.824219, -48.128342
BONES 2
BONE 17 0.796875
BONE 16 0.203125

VERT 221
OFFSET 300.515015, -125.468872, -49.105972
BONES 2
BONE 17 0.796875
BONE 16 0.203125

VERT 222
OFFSET 292.142456, -88.505219, -34.126160
BONES 2
BONE 17 0.949219
BONE 16 0.050781

VERT 223
OFFSET 309.071381, -163.389221, -61.493713
BONES 2
BONE 17 0.597656
BONE 16 0.402344

VERT 224
OFFSET 395.452057, -472.758606, -118.297775
BONES 2
BONE 16 0.527344
BONE 0 0.472656

VERT 225
OFFSET 395.239288, -472.758789, -119.340530
BONES 2
BONE 16 0.527344
BONE 0 0.472656

VERT 226
OFFSET 382.040558, -433.803955, -115.425545
BONES 2
BONE 16 0.765625
BONE 0 0.234375

VERT 227
OFFSET 409.183624, -512.908020, -120.301659
BONES 2
BONE 0 0.699219
BONE 16 0.300781

VERT 228
OFFSET 410.013489, -512.796265, -120.465393
BONES 2
BONE 0 0.699219
BONE 16 0.300781

VERT 229
OFFSET 396.281891, -472.646851, -118.461510
BONES 2
BONE 16 0.527344
BONE 0 0.472656

VERT 230
OFFSET 396.069122, -472.647034, -119.504265
BONES 2
BONE 16 0.527344
BONE 0 0.472656

VERT 231
OFFSET 382.870392, -433.692200, -115.589287
BONES 2
BONE 16 0.765625
BONE 0 0.234375

VERT 232
OFFSET 382.603485, -433.502808, -116.605331
BONES 2
BONE 16 0.765625
BONE 0 0.234375

VERT 233
OFFSET 395.239288, -472.758789, -119.340530
BONES 2
BONE 16 0.527344
BONE 0 0.472656

VERT 234
OFFSET 408.998932, -513.004517, -121.351120
BONES 2
BONE 0 0.699219
BONE 16 0.300781

VERT 235
OFFSET 409.828766, -512.892639, -121.514854
BONES 2
BONE 0 0.699219
BONE 16 0.300781

VERT 236
OFFSET 422.653198, -552.284058, -122.226761
BONES 2
BONE 0 0.898438
BONE 16 0.101562

VERT 237
OFFSET 370.197754, -394.666870, -111.516205
BONES 2
BONE 16 0.929688
BONE 0 0.070312

VERT 238
OFFSET 369.896210, -394.353760, -112.504990
BONES 2
BONE 16 0.929688
BONE 0 0.070312

VERT 239
OFFSET 381.773621, -433.614624, -116.441597
BONES 2
BONE 16 0.765625
BONE 0 0.234375

VERT 240
OFFSET 358.705933, -355.803833, -105.707024
BONES 2
BONE 16 0.976562
BONE 0 0.023438

VERT 241
OFFSET 358.429810, -355.581665, -106.716621
BONES 2
BONE 16 0.976562
BONE 0 0.023438

VERT 242
OFFSET 369.066345, -394.465576, -112.341248
BONES 2
BONE 16 0.929688
BONE 0 0.070312

VERT 243
OFFSET 347.969910, -316.973022, -98.955551
BONES 2
BONE 16 0.949219
BONE 17 0.050781

VERT 244
OFFSET 347.689850, -316.736877, -99.962242
BONES 2
BONE 16 0.949219
BONE 17 0.050781

VERT 245
OFFSET 357.599945, -355.693481, -106.552887
BONES 2
BONE 16 0.976562
BONE 0 0.023438

VERT 246
OFFSET 337.924805, -278.407654, -91.082413
BONES 2
BONE 16 0.859375
BONE 17 0.140625

VERT 247
OFFSET 337.611633, -278.052307, -92.060059
BONES 2
BONE 16 0.859375
BONE 17 0.140625

VERT 248
OFFSET 346.859985, -316.848694, -99.798492
BONES 2
BONE 16 0.949219
BONE 17 0.050781

VERT 249
OFFSET 328.342407, -240.026855, -81.530861
BONES 2
BONE 16 0.734375
BONE 17 0.265625

VERT 250
OFFSET 328.029236, -239.671509, -82.508499
BONES 2
BONE 16 0.734375
BONE 17 0.265625

VERT 251
OFFSET 336.781769, -278.164062, -91.896324
BONES 2
BONE 16 0.859375
BONE 17 0.140625

VERT 252
OFFSET 319.091827, -201.674072, -71.705032
BONES 2
BONE 16 0.578125
BONE 17 0.421875

VERT 253
OFFSET 318.778656, -201.318726, -72.682671
BONES 2
BONE 16 0.578125
BONE 17 0.421875

VERT 254
OFFSET 327.199371, -239.783264, -82.344765
BONES 2
BONE 16 0.734375
BONE 17 0.265625

VERT 255
OFFSET 310.214447, -163.632812, -60.679825
BONES 2
BONE 17 0.597656
BONE 16 0.402344

VERT 256
OFFSET 309.901245, -163.277466, -61.657455
BONES 2
BONE 17 0.597656
BONE 16 0.402344

VERT 257
OFFSET 317.948761, -201.430420, -72.518936
BONES 2
BONE 16 0.578125
BONE 17 0.421875

VERT 258
OFFSET 301.658051, -125.712463, -48.292068
BONES 2
BONE 17 0.796875
BONE 16 0.203125

VERT 259
OFFSET 301.344879, -125.357086, -49.269714
BONES 2
BONE 17 0.796875
BONE 16 0.203125

VERT 260
OFFSET 309.071381, -163.389221, -61.493713
BONES 2
BONE 17 0.597656
BONE 16 0.402344

VERT 261
OFFSET 292.972321, -88.393433, -34.289902
BONES 2
BONE 17 0.949219
BONE 16 0.050781

VERT 262
OFFSET 292.659119, -88.038055, -35.267532
BONES 2
BONE 17 0.949219
BONE 16 0.050781

VERT 263
OFFSET 300.515015, -125.468872, -49.105972
BONES 2
BONE 17 0.796875
BONE 16 0.203125

VERT 264
OFFSET 291.829285, -88.149811, -35.103790
BONES 2
BONE 17 0.949219
BONE 16 0.050781

VERT 265
OFFSET 273.838043, -14.610504, -4.379303
BONES 2
BONE 17 0.941406
BONE 0 0.058594

VERT 266
OFFSET 273.475372, -14.072784, -5.297714
BONES 2
BONE 17 0.941406
BONE 0 0.058594

VERT 267
OFFSET 264.350647, 21.763794, 12.417740
BONES 2
BONE 17 0.765625
BONE 0 0.234375

VERT 268
OFFSET 263.946777, 22.457520, 11.565277
BONES 2
BONE 17 0.765625
BONE 0 0.234375

VERT 269
OFFSET 272.645508, -14.184570, -5.133987
BONES 2
BONE 17 0.941406
BONE 0 0.058594

VERT 270
OFFSET 254.949951, 57.941437, 29.581619
BONES 2
BONE 17 0.500000
BONE 0 0.500000

VERT 271
OFFSET 254.544373, 58.641937, 28.732330
BONES 2
BONE 17 0.500000
BONE 0 0.500000

VERT 272
OFFSET 263.116913, 22.345734, 11.729004
BONES 2
BONE 17 0.765625
BONE 0 0.234375

VERT 273
OFFSET 245.741364, 93.834259, 48.133652
BONES 2
BONE 0 0.730469
BONE 17 0.269531

VERT 274
OFFSET 245.300903, 94.670746, 47.354996
BONES 2
BONE 0 0.730469
BONE 17 0.269531

VERT 275
OFFSET 253.714508, 58.530121, 28.896057
BONES 2
BONE 17 0.500000
BONE 0 0.500000

VERT 276
OFFSET 236.648804, 129.611542, 67.741119
BONES 2
BONE 0 0.898438
BONE 17 0.101562

VERT 277
OFFSET 236.233612, 130.349136, 66.909851
BONES 2
BONE 0 0.898438
BONE 17 0.101562

VERT 278
OFFSET 244.471039, 94.558929, 47.518723
BONES 2
BONE 0 0.730469
BONE 17 0.269531

VERT 279
OFFSET 235.403748, 130.237350, 67.073608
BONES 2
BONE 0 0.898438
BONE 17 0.101562

VERT 280
OFFSET 396.069122, -472.647034, -119.504265
BONES 2
BONE 16 0.527344
BONE 0 0.472656

VERT 281
OFFSET 423.483093, -552.172302, -122.390511
BONES 2
BONE 0 0.898438
BONE 16 0.101562

VERT 282
OFFSET 226.409546, 160.742615, 87.086395
BONES 1
BONE 0 1.000000

VERT 283
OFFSET 226.409546, 162.261292, 87.086395
BONES 1
BONE 0 1.000000

VERT 284
OFFSET 229.921967, 160.742661, 87.086395
BONES 1
BONE 0 1.000000

VERT 285
OFFSET 229.921967, 162.261337, 87.086395
BONES 1
BONE 0 1.000000

VERT 286
OFFSET 229.921967, 162.261337, 80.294861
BONES 1
BONE 0 1.000000

VERT 287
OFFSET 226.409546, 162.261292, 80.294861
BONES 1
BONE 0 1.000000

VERT 288
OFFSET 229.921967, 160.742661, 80.294861
BONES 1
BONE 0 1.000000

VERT 289
OFFSET 226.409546, 160.742615, 80.294861
BONES 1
BONE 0 1.000000

VERT 290
OFFSET 224.684662, 160.742615, 82.019745
BONES 1
BONE 0 1.000000

VERT 291
OFFSET 224.684662, 162.261292, 82.019745
BONES 1
BONE 0 1.000000

VERT 292
OFFSET 224.684662, 160.742615, 85.361542
BONES 1
BONE 0 1.000000

VERT 293
OFFSET 224.684662, 162.261292, 85.361542
BONES 1
BONE 0 1.000000

VERT 294
OFFSET 231.646881, 160.742661, 85.361542
BONES 1
BONE 0 1.000000

VERT 295
OFFSET 231.646881, 162.261337, 85.361542
BONES 1
BONE 0 1.000000

VERT 296
OFFSET 231.646881, 160.742661, 82.019745
BONES 1
BONE 0 1.000000

VERT 297
OFFSET 231.646881, 162.261337, 82.019745
BONES 1
BONE 0 1.000000

VERT 298
OFFSET 231.646881, 162.261337, 85.361542
BONES 1
BONE 0 1.000000

VERT 299
OFFSET 231.646881, 160.742661, 85.361542
BONES 1
BONE 0 1.000000

VERT 300
OFFSET 229.921967, 162.261337, 87.086395
BONES 1
BONE 0 1.000000

VERT 301
OFFSET 229.921967, 160.742661, 87.086395
BONES 1
BONE 0 1.000000

VERT 302
OFFSET 226.409546, 162.261292, 87.086395
BONES 1
BONE 0 1.000000

VERT 303
OFFSET 226.409546, 160.742615, 87.086395
BONES 1
BONE 0 1.000000

VERT 304
OFFSET 224.684662, 162.261292, 85.361542
BONES 1
BONE 0 1.000000

VERT 305
OFFSET 224.684662, 160.742615, 85.361542
BONES 1
BONE 0 1.000000

VERT 306
OFFSET 231.646881, 160.742661, 82.019745
BONES 1
BONE 0 1.000000

VERT 307
OFFSET 231.646881, 162.261337, 82.019745
BONES 1
BONE 0 1.000000

VERT 308
OFFSET 229.921967, 160.742661, 80.294861
BONES 1
BONE 0 1.000000

VERT 309
OFFSET 229.921967, 162.261337, 80.294861
BONES 1
BONE 0 1.000000

VERT 310
OFFSET 226.409546, 160.742615, 80.294861
BONES 1
BONE 0 1.000000

VERT 311
OFFSET 226.409546, 162.261292, 80.294861
BONES 1
BONE 0 1.000000

VERT 312
OFFSET 224.684662, 160.742615, 82.019745
BONES 1
BONE 0 1.000000

VERT 313
OFFSET 224.684662, 162.261292, 82.019745
BONES 1
BONE 0 1.000000

VERT 314
OFFSET 229.707825, 160.225693, 86.569427
BONES 1
BONE 0 1.000000

VERT 315
OFFSET 231.129883, 160.225693, 85.147369
BONES 1
BONE 0 1.000000

VERT 316
OFFSET 226.623688, 160.225647, 86.569427
BONES 1
BONE 0 1.000000

VERT 317
OFFSET 231.129883, 160.225693, 82.233856
BONES 1
BONE 0 1.000000

VERT 318
OFFSET 229.707825, 160.225693, 80.811859
BONES 1
BONE 0 1.000000

VERT 319
OFFSET 226.623688, 160.225647, 80.811859
BONES 1
BONE 0 1.000000

VERT 320
OFFSET 225.201630, 160.225647, 85.147369
BONES 1
BONE 0 1.000000

VERT 321
OFFSET 225.201630, 160.225647, 82.233856
BONES 1
BONE 0 1.000000

VERT 322
OFFSET 231.129883, 160.225693, 85.147369
BONES 1
BONE 0 1.000000

VERT 323
OFFSET 229.707825, 160.225693, 86.569427
BONES 1
BONE 0 1.000000

VERT 324
OFFSET 231.646881, 160.742661, 85.361542
BONES 1
BONE 0 1.000000

VERT 325
OFFSET 229.921967, 160.742661, 87.086395
BONES 1
BONE 0 1.000000

VERT 326
OFFSET 231.646881, 160.742661, 85.361542
BONES 1
BONE 0 1.000000

VERT 327
OFFSET 231.646881, 160.742661, 82.019745
BONES 1
BONE 0 1.000000

VERT 328
OFFSET 231.129883, 160.225693, 85.147369
BONES 1
BONE 0 1.000000

VERT 329
OFFSET 231.129883, 160.225693, 82.233856
BONES 1
BONE 0 1.000000

VERT 330
OFFSET 231.646881, 160.742661, 82.019745
BONES 1
BONE 0 1.000000

VERT 331
OFFSET 229.921967, 160.742661, 80.294861
BONES 1
BONE 0 1.000000

VERT 332
OFFSET 231.129883, 160.225693, 82.233856
BONES 1
BONE 0 1.000000

VERT 333
OFFSET 229.707825, 160.225693, 80.811859
BONES 1
BONE 0 1.000000

VERT 334
OFFSET 229.707825, 160.225693, 86.569427
BONES 1
BONE 0 1.000000

VERT 335
OFFSET 226.623688, 160.225647, 86.569427
BONES 1
BONE 0 1.000000

VERT 336
OFFSET 229.921967, 160.742661, 87.086395
BONES 1
BONE 0 1.000000

VERT 337
OFFSET 226.409546, 160.742615, 87.086395
BONES 1
BONE 0 1.000000

VERT 338
OFFSET 226.623688, 160.225647, 86.569427
BONES 1
BONE 0 1.000000

VERT 339
OFFSET 225.201630, 160.225647, 85.147369
BONES 1
BONE 0 1.000000

VERT 340
OFFSET 226.409546, 160.742615, 87.086395
BONES 1
BONE 0 1.000000

VERT 341
OFFSET 224.684662, 160.742615, 85.361542
BONES 1
BONE 0 1.000000

VERT 342
OFFSET 225.201630, 160.225647, 85.147369
BONES 1
BONE 0 1.000000

VERT 343
OFFSET 225.201630, 160.225647, 82.233856
BONES 1
BONE 0 1.000000

VERT 344
OFFSET 224.684662, 160.742615, 85.361542
BONES 1
BONE 0 1.000000

VERT 345
OFFSET 224.684662, 160.742615, 82.019745
BONES 1
BONE 0 1.000000

VERT 346
OFFSET 225.201630, 160.225647, 82.233856
BONES 1
BONE 0 1.000000

VERT 347
OFFSET 226.623688, 160.225647, 80.811859
BONES 1
BONE 0 1.000000

VERT 348
OFFSET 224.684662, 160.742615, 82.019745
BONES 1
BONE 0 1.000000

VERT 349
OFFSET 226.409546, 160.742615, 80.294861
BONES 1
BONE 0 1.000000

VERT 350
OFFSET 229.921967, 160.742661, 80.294861
BONES 1
BONE 0 1.000000

VERT 351
OFFSET 226.409546, 160.742615, 80.294861
BONES 1
BONE 0 1.000000

VERT 352
OFFSET 229.707825, 160.225693, 80.811859
BONES 1
BONE 0 1.000000

VERT 353
OFFSET 226.623688, 160.225647, 80.811859
BONES 1
BONE 0 1.000000

VERT 354
OFFSET 437.958893, -592.584473, -118.339973
BONES 1
BONE 0 1.000000

VERT 355
OFFSET 437.958893, -594.103149, -118.339973
BONES 1
BONE 0 1.000000

VERT 356
OFFSET 434.446503, -592.584473, -118.339973
BONES 1
BONE 0 1.000000

VERT 357
OFFSET 434.446503, -594.103149, -118.339973
BONES 1
BONE 0 1.000000

VERT 358
OFFSET 434.446503, -594.103149, -125.131516
BONES 1
BONE 0 1.000000

VERT 359
OFFSET 437.958893, -594.103149, -125.131516
BONES 1
BONE 0 1.000000

VERT 360
OFFSET 434.446503, -592.584473, -125.131516
BONES 1
BONE 0 1.000000

VERT 361
OFFSET 437.958893, -592.584473, -125.131516
BONES 1
BONE 0 1.000000

VERT 362
OFFSET 439.683777, -592.584473, -123.406631
BONES 1
BONE 0 1.000000

VERT 363
OFFSET 439.683777, -594.103149, -123.406631
BONES 1
BONE 0 1.000000

VERT 364
OFFSET 439.683777, -592.584473, -120.064842
BONES 1
BONE 0 1.000000

VERT 365
OFFSET 439.683777, -594.103149, -120.064842
BONES 1
BONE 0 1.000000

VERT 366
OFFSET 432.721558, -592.584473, -120.064842
BONES 1
BONE 0 1.000000

VERT 367
OFFSET 432.721558, -594.103149, -120.064842
BONES 1
BONE 0 1.000000

VERT 368
OFFSET 432.721558, -592.584473, -123.406631
BONES 1
BONE 0 1.000000

VERT 369
OFFSET 432.721558, -594.103149, -123.406631
BONES 1
BONE 0 1.000000

VERT 370
OFFSET 432.721558, -594.103149, -120.064842
BONES 1
BONE 0 1.000000

VERT 371
OFFSET 432.721558, -592.584473, -120.064842
BONES 1
BONE 0 1.000000

VERT 372
OFFSET 434.446503, -594.103149, -118.339973
BONES 1
BONE 0 1.000000

VERT 373
OFFSET 434.446503, -592.584473, -118.339973
BONES 1
BONE 0 1.000000

VERT 374
OFFSET 437.958893, -594.103149, -118.339973
BONES 1
BONE 0 1.000000

VERT 375
OFFSET 437.958893, -592.584473, -118.339973
BONES 1
BONE 0 1.000000

VERT 376
OFFSET 439.683777, -594.103149, -120.064842
BONES 1
BONE 0 1.000000

VERT 377
OFFSET 439.683777, -592.584473, -120.064842
BONES 1
BONE 0 1.000000

VERT 378
OFFSET 432.721558, -592.584473, -123.406631
BONES 1
BONE 0 1.000000

VERT 379
OFFSET 432.721558, -594.103149, -123.406631
BONES 1
BONE 0 1.000000

VERT 380
OFFSET 434.446503, -592.584473, -125.131516
BONES 1
BONE 0 1.000000

VERT 381
OFFSET 434.446503, -594.103149, -125.131516
BONES 1
BONE 0 1.000000

VERT 382
OFFSET 437.958893, -592.584473, -125.131516
BONES 1
BONE 0 1.000000

VERT 383
OFFSET 437.958893, -594.103149, -125.131516
BONES 1
BONE 0 1.000000

VERT 384
OFFSET 439.683777, -592.584473, -123.406631
BONES 1
BONE 0 1.000000

VERT 385
OFFSET 439.683777, -594.103149, -123.406631
BONES 1
BONE 0 1.000000

VERT 386
OFFSET 434.660645, -592.067566, -118.856956
BONES 1
BONE 0 1.000000

VERT 387
OFFSET 433.238586, -592.067566, -120.278999
BONES 1
BONE 0 1.000000

VERT 388
OFFSET 437.744781, -592.067444, -118.856956
